Setting	Current1	Current2	Current3	Current4	Current5	Current6	Current7	Current8	15	263	27	275	43	291	75	323	141	389	153	401	169	417	201	449	1	2	4	8	16	32	64	128	256	3	5	9	17	33	65	129	257	6	10	18	34	66	130	258	12	20	36	68	132	260	24	40	72	136	264	48	80	144	272	96	160	288	192	320	384
1	4.7177	7.7857	4.1216	1.7000	0	0	0	0	0	0	0	0	0	0	0	0	0	0	0	0	476418	438170	856952	12124	3766	384535	666064	360949	9496	2582	2069	2	0	107	4	91	1	1977	2	1	104	1	76	2	4	0	333	8	287	1	0	1	0	2	0	0	2	0	0	6	5856	1	7	2	1
2	4.7177	7.7857	4.1216	1.7115	0	0	0	0	0	0	0	0	0	0	0	0	0	0	0	0	477178	438936	855706	12046	3807	384249	667270	358969	9504	1646	2034	1	0	104	2	66	0	1963	1	0	86	4	79	0	1	0	331	6	297	2	0	0	2	0	0	0	2	0	0	3	5735	0	10	0	2
3	4.7177	7.7857	4.1216	1.7230	0	0	0	0	0	0	0	0	0	0	0	0	0	0	0	0	475432	437028	856919	11987	3926	383906	662715	361709	9659	907	2107	2	0	94	5	92	0	1947	1	0	86	2	67	2	2	1	353	7	309	0	0	3	2	1	1	1	2	0	0	4	5854	0	5	2	0
4	4.7177	7.7857	4.1216	1.7344	0	0	0	0	0	0	0	0	0	0	0	0	0	0	0	0	473889	435810	856360	12145	3933	383829	660840	359827	9624	559	2072	1	0	85	1	75	2	1869	2	0	83	6	63	0	6	0	344	5	317	2	0	2	1	0	0	0	1	0	0	4	5731	0	8	0	0
5	4.7177	7.7857	4.1216	1.7457	0	0	0	0	0	0	0	0	0	0	0	0	0	0	0	0	474990	435619	855570	11999	3838	385194	660237	360706	9604	601	2074	2	0	99	2	76	0	1940	2	1	73	1	71	0	5	2	344	10	307	2	0	0	4	2	0	0	2	0	0	1	5898	0	4	4	1
6	4.7177	7.7857	4.1216	1.7569	0	0	0	0	0	0	0	0	0	0	0	0	0	0	0	0	476779	435657	856661	12073	3826	385245	662877	360678	9445	998	2059	1	2	97	6	101	1	1972	2	0	92	3	55	0	4	2	361	12	335	1	0	0	2	0	0	1	2	0	0	7	5855	1	10	0	3
7	4.7177	7.7857	4.1216	1.7681	0	0	0	0	0	0	0	0	0	0	0	0	0	0	0	0	475541	436546	859904	12089	3851	385307	662362	362444	9237	1733	1985	0	1	96	6	104	0	1896	0	0	80	6	68	0	0	1	320	4	307	1	0	1	0	0	0	1	1	0	0	5	5933	0	3	1	2
8	4.7177	7.7857	4.1216	1.7792	0	0	0	0	0	0	0	0	0	0	0	0	0	0	0	0	479749	439962	859208	11999	3838	385545	665583	360929	9486	2850	2006	1	0	112	4	78	0	2012	0	1	85	2	69	0	1	3	336	5	314	2	0	1	1	2	0	0	1	0	0	6	5983	0	2	1	0
9	4.7177	7.7857	4.1216	1.7902	0	0	0	0	0	0	0	0	0	0	0	0	0	0	0	0	478774	439205	858545	12016	3807	384595	664752	360485	9462	3811	2023	2	1	95	4	80	0	1971	1	0	81	7	79	1	1	2	351	7	306	0	0	2	3	2	0	0	0	0	0	6	5916	0	8	1	0
10	4.7177	7.7857	4.1216	1.8012	0	0	0	0	0	0	0	0	0	0	0	0	0	0	0	0	481520	440235	858304	12001	3771	385032	665484	360675	9393	5092	2078	1	0	77	7	79	1	1983	1	1	91	5	72	1	2	2	311	4	301	0	0	2	0	0	0	1	0	3	0	2	5923	1	4	3	1
11	4.7177	7.7857	4.1216	1.8121	0	0	0	0	0	0	0	0	0	0	0	0	0	0	0	0	481244	442167	858430	11897	3706	384935	665697	359856	9607	6078	2081	2	0	80	7	68	1	1945	0	0	102	2	71	0	3	0	323	4	267	1	0	1	3	0	0	0	0	0	0	2	5883	1	5	2	0
12	4.7177	7.7857	4.1216	1.8229	0	0	0	0	0	0	0	0	0	0	0	0	0	0	0	0	483698	443451	857551	12032	3857	383802	667447	359894	9492	7107	2116	1	1	94	2	71	1	2056	0	0	71	3	82	0	2	0	341	8	288	1	0	0	0	1	0	0	3	0	0	6	5926	0	9	2	0
13	4.7177	7.7857	4.1216	1.8337	0	0	0	0	0	0	0	0	0	0	0	0	0	0	0	0	482429	442800	857438	11949	3797	382967	667987	359682	9617	7468	2090	1	0	99	2	81	1	2051	2	0	68	3	76	0	3	1	335	7	291	0	0	0	1	1	0	0	0	0	0	2	5831	1	3	2	1
14	4.7177	7.7857	4.1216	1.8444	0	0	0	0	0	0	0	0	0	0	0	0	0	0	0	0	481401	440705	856963	11957	3939	385661	665677	359611	9338	7814	2095	1	0	85	4	87	4	1951	3	0	81	1	74	1	1	0	314	3	285	0	0	2	3	0	0	0	2	0	0	1	5922	1	2	1	1
15	4.7177	7.7857	4.1216	1.8550	0	0	0	0	0	0	0	0	0	0	0	0	0	0	0	0	481771	441584	857345	11894	3795	384340	665902	357780	9615	7708	1997	2	0	88	4	83	1	1925	0	0	71	8	61	0	1	1	300	6	315	1	0	2	1	2	0	0	0	0	0	2	5862	1	3	1	1
16	4.7177	7.7857	4.1216	1.8656	0	0	0	0	0	0	0	0	0	0	0	0	0	0	0	0	483400	444142	858256	12028	3766	385631	671336	360830	9392	7263	2153	0	0	103	4	79	1	2037	0	0	78	4	68	0	2	0	314	8	311	2	0	1	1	1	0	0	1	0	0	5	5891	2	2	1	2
17	4.7177	7.7857	4.1216	1.8761	0	0	0	0	0	0	0	0	0	0	0	0	0	0	0	0	482167	443771	863772	12230	3923	388593	670344	362371	9652	6215	2017	0	1	92	2	86	0	1982	1	1	87	4	85	0	1	2	312	8	306	2	0	1	1	1	0	0	0	0	0	6	6107	0	8	3	0
18	4.7177	7.7857	4.1216	1.8866	0	0	0	0	0	0	0	0	0	0	0	0	0	0	0	0	481486	443183	864032	11854	3821	386662	670623	362639	9613	5128	2013	0	0	102	4	68	2	1943	1	1	94	9	81	0	3	4	367	6	311	1	1	2	1	0	1	0	2	0	0	8	6116	1	4	1	0
19	4.7177	7.7857	4.1216	1.8970	0	0	0	0	0	0	0	0	0	0	0	0	0	0	0	0	481499	443061	863421	11937	3848	387713	672355	361578	9544	4028	2104	1	0	94	7	79	2	1965	1	0	89	4	78	0	0	0	348	4	292	2	0	2	2	0	0	0	1	1	0	4	5897	0	7	0	2
20	4.7177	7.7857	4.1216	1.9074	0	0	0	0	0	0	0	0	0	0	0	0	0	0	0	0	480160	442538	866536	12065	3822	389365	672054	363947	9439	2753	2068	1	0	106	8	66	1	1958	1	0	80	3	73	2	1	0	335	5	334	3	0	3	2	1	0	0	2	1	0	3	6104	0	4	0	4
21	4.7177	7.7857	4.1216	1.9177	0	0	0	0	0	0	0	0	0	0	0	0	0	0	0	0	482079	441702	861386	12321	3849	386067	673286	361973	9519	1777	2162	2	2	98	3	74	1	2003	2	0	95	2	66	1	3	0	335	4	321	2	1	1	2	1	0	0	0	1	0	5	6002	2	5	1	0
22	4.7177	7.7857	4.1216	1.9279	0	0	0	0	0	0	0	0	0	0	0	0	0	0	0	0	480950	442216	866069	11857	3834	386788	671873	362362	9412	1028	2046	1	0	104	5	72	0	1987	2	0	81	4	82	2	3	0	335	9	300	2	0	2	4	0	0	0	1	2	0	8	5963	0	4	2	2
23	4.7177	7.7857	4.1216	1.9381	0	0	0	0	0	0	0	0	0	0	0	0	0	0	0	0	478441	440340	868083	12004	3750	388497	670224	363510	9461	652	2068	1	2	84	5	93	0	2007	0	0	89	2	76	0	0	0	316	5	301	2	0	3	3	0	0	0	0	0	1	5	5900	1	7	3	0
24	4.7177	7.7857	4.1216	1.9482	0	0	0	0	0	0	0	0	0	0	0	0	0	0	0	0	479815	443108	870319	11994	3815	389124	671268	364245	9615	573	2113	0	0	102	3	82	2	2051	2	0	70	3	78	0	4	0	324	9	303	1	0	1	1	2	0	0	2	1	0	4	5963	0	4	2	1
25	4.7177	7.7857	4.1216	1.9583	0	0	0	0	0	0	0	0	0	0	0	0	0	0	0	0	478987	441980	863439	12075	3801	386046	669985	361954	9500	985	2056	2	0	66	7	69	1	1934	1	2	91	1	78	0	2	0	340	5	291	2	0	1	5	0	1	0	0	0	0	6	5924	0	5	2	1
26	4.7197	7.7869	4.1232	1.7000	0	0	0	0	0	0	0	0	0	0	0	0	0	0	0	0	483891	445567	868697	12139	3870	389601	674874	364735	9544	3196	2168	4	0	110	4	90	0	1890	0	0	85	0	65	1	1	0	371	11	308	1	0	1	2	3	0	0	0	0	0	7	5988	0	6	3	0
27	4.7197	7.7869	4.1232	1.7115	0	0	0	0	0	0	0	0	0	0	0	0	0	0	0	0	488094	448956	869078	12017	3877	390116	678462	364934	9457	2133	2183	5	0	96	6	83	1	1957	4	1	86	3	63	0	2	0	318	7	342	1	0	1	2	0	0	1	0	0	0	3	5917	0	3	0	0
28	4.7197	7.7869	4.1232	1.7230	0	0	0	0	0	0	0	0	0	0	0	0	0	0	0	0	486587	446501	870317	11872	3859	391775	680338	366221	9618	1307	2144	2	1	97	5	86	1	2072	2	1	91	6	75	1	1	2	317	9	328	0	0	0	3	2	0	0	2	1	0	5	5901	0	3	1	1
29	4.7197	7.7869	4.1232	1.7344	0	0	0	0	0	0	0	0	0	0	0	0	0	0	0	0	486611	445985	868956	12103	3807	391303	680043	364292	9328	686	2178	0	0	89	5	78	1	2064	2	0	70	5	83	2	4	1	337	2	316	4	0	1	0	1	0	0	0	1	0	7	6021	1	5	4	1
30	4.7197	7.7869	4.1232	1.7457	0	0	0	0	0	0	0	0	0	0	0	0	0	0	0	0	486043	445347	868863	12134	3797	390232	679882	365606	9531	544	2132	2	0	93	4	69	2	2032	1	0	81	2	78	0	2	1	330	4	321	2	0	1	0	1	0	0	0	0	0	7	6096	0	3	1	1
31	4.7197	7.7869	4.1232	1.7569	0	0	0	0	0	0	0	0	0	0	0	0	0	0	0	0	485528	445951	869463	11933	3818	390122	679384	364795	9655	700	2098	0	1	98	1	75	0	2019	1	0	87	4	66	1	2	0	332	8	315	1	0	0	1	0	0	1	0	1	0	7	6040	0	9	1	1
32	4.7197	7.7869	4.1232	1.7681	0	0	0	0	0	0	0	0	0	0	0	0	0	0	0	0	486186	446438	872853	11903	3969	391525	677233	366593	9418	1301	2166	4	1	83	3	67	1	2009	1	0	82	3	77	1	4	1	300	6	312	2	0	0	0	3	0	1	0	0	0	6	6109	0	5	4	1
33	4.7197	7.7869	4.1232	1.7792	0	0	0	0	0	0	0	0	0	0	0	0	0	0	0	0	485793	444995	870385	12036	3770	391447	678827	367809	9590	2241	2060	1	0	90	2	78	0	2057	2	1	98	3	63	0	2	1	352	4	336	3	0	1	1	0	0	0	2	1	0	6	6081	0	6	1	1
34	4.7197	7.7869	4.1232	1.7902	0	0	0	0	0	0	0	0	0	0	0	0	0	0	0	0	486870	446000	869121	12092	3765	391776	678878	366332	9646	3315	2149	4	0	102	5	87	0	2050	0	0	100	1	73	1	3	1	321	5	325	0	0	0	3	1	0	0	0	0	0	9	6101	0	6	0	0
35	4.7197	7.7869	4.1232	1.8012	0	0	0	0	0	0	0	0	0	0	0	0	0	0	0	0	487301	447095	872350	12165	3807	392660	679961	367239	9687	4701	2168	3	1	113	8	79	0	1978	3	0	75	1	75	1	0	1	353	8	289	5	0	2	0	1	0	0	1	0	0	5	6264	0	10	0	3
36	4.7197	7.7869	4.1232	1.8121	0	0	0	0	0	0	0	0	0	0	0	0	0	0	0	0	488846	447066	868198	12133	3765	391069	680291	365906	9627	5878	2046	2	0	94	5	81	0	1979	1	1	76	4	68	2	4	0	331	5	316	2	0	2	2	0	0	0	0	1	0	9	6204	2	10	2	1
37	4.7197	7.7869	4.1232	1.8229	0	0	0	0	0	0	0	0	0	0	0	0	0	0	0	0	487813	446360	867497	12041	3876	388844	677084	364368	9403	6883	2060	1	1	88	3	86	0	1988	2	0	81	4	77	0	5	0	349	8	315	1	0	1	2	0	0	0	0	0	0	5	5970	0	4	2	2
38	4.7197	7.7869	4.1232	1.8337	0	0	0	0	0	0	0	0	0	0	0	0	0	0	0	0	490354	446903	867340	11771	3793	390354	678245	364406	9555	7565	2124	2	1	76	6	90	0	2042	1	0	100	1	70	2	2	0	379	11	297	5	0	2	3	1	0	0	3	0	0	6	6107	0	6	4	0
39	4.7197	7.7869	4.1232	1.8444	0	0	0	0	0	0	0	0	0	0	0	0	0	0	0	0	488177	446994	864944	11916	3768	387584	678705	364402	9522	7897	2165	3	0	96	1	85	2	1956	1	0	75	3	87	0	1	0	352	3	323	2	0	2	2	2	0	0	0	2	0	6	6000	3	8	2	1
40	4.7197	7.7869	4.1232	1.8550	0	0	0	0	0	0	0	0	0	0	0	0	0	0	0	0	489283	448993	864397	11961	3821	389573	679464	363773	9431	7988	2084	2	0	90	5	82	1	1955	3	0	85	5	72	1	3	2	341	3	306	1	0	1	2	1	0	0	1	0	0	4	6047	0	6	3	1
41	4.7197	7.7869	4.1232	1.8656	0	0	0	0	0	0	0	0	0	0	0	0	0	0	0	0	489618	449171	864784	12013	3841	389404	681763	364792	9498	7629	2080	0	0	92	6	71	0	1992	2	0	78	2	75	0	3	0	313	5	323	1	0	2	3	1	0	1	0	1	0	4	5950	0	5	2	0
42	4.7197	7.7869	4.1232	1.8761	0	0	0	0	0	0	0	0	0	0	0	0	0	0	0	0	488415	448266	867619	12028	3762	389134	681076	365010	9432	6808	2122	0	0	85	5	87	1	2068	3	1	100	5	57	2	6	2	326	5	319	3	0	0	1	0	0	0	2	0	0	2	6087	1	7	0	1
43	4.7197	7.7869	4.1232	1.8866	0	0	0	0	0	0	0	0	0	0	0	0	0	0	0	0	487063	447072	863957	11912	3825	386876	679248	363032	9636	5799	2083	3	0	107	6	65	0	1914	4	0	78	2	87	0	7	0	364	8	292	0	0	1	1	0	0	0	2	0	0	4	5893	1	7	5	0
44	4.7197	7.7869	4.1232	1.8970	0	0	0	0	0	0	0	0	0	0	0	0	0	0	0	0	486128	446847	866711	12175	3905	389733	678644	366236	9545	4610	2102	3	0	89	4	89	0	1974	0	0	93	6	80	5	2	3	336	6	336	0	0	2	0	4	0	0	1	0	0	2	6029	1	11	2	2
45	4.7197	7.7869	4.1232	1.9074	0	0	0	0	0	0	0	0	0	0	0	0	0	0	0	0	482903	443554	867717	11846	3791	390078	676768	365104	9817	3348	2112	1	0	81	8	80	0	2024	2	0	87	1	76	0	2	1	336	7	332	0	0	1	2	2	0	1	0	0	0	4	6011	0	6	2	1
46	4.7197	7.7869	4.1232	1.9177	0	0	0	0	0	0	0	0	0	0	0	0	0	0	0	0	482175	444208	866015	11829	3926	388232	676262	364193	9560	2298	2198	1	1	100	4	92	0	2084	1	0	80	4	70	0	4	3	315	7	332	2	0	2	1	2	0	0	2	0	0	6	5985	2	8	0	1
47	4.7197	7.7869	4.1232	1.9279	0	0	0	0	0	0	0	0	0	0	0	0	0	0	0	0	479838	443758	866865	12078	3873	390625	675580	365238	9557	1301	2129	2	1	90	4	84	0	1963	1	2	83	1	67	2	2	1	350	9	361	2	0	2	2	1	0	0	0	0	0	2	5988	0	5	1	1
48	4.7197	7.7869	4.1232	1.9381	0	0	0	0	0	0	0	0	0	0	0	0	0	0	0	0	481747	443746	867194	11977	3821	388875	678414	363222	9498	789	2075	1	0	92	5	99	0	2019	0	0	90	7	74	0	2	0	346	8	312	3	0	0	1	3	0	0	0	2	0	4	5932	1	8	0	0
49	4.7197	7.7869	4.1232	1.9482	0	0	0	0	0	0	0	0	0	0	0	0	0	0	0	0	481909	444005	867784	11969	3880	389631	677654	366223	9529	539	2143	2	0	101	5	75	2	1940	0	0	99	4	51	1	0	1	315	11	325	0	0	0	1	0	0	0	0	0	0	9	6071	2	10	2	1
50	4.7197	7.7869	4.1232	1.9583	0	0	0	0	0	0	0	0	0	0	0	0	0	0	0	0	482524	443547	868351	12335	3896	390539	679544	366709	9603	675	2129	1	0	91	5	74	0	1997	3	1	84	7	74	0	2	1	332	8	297	1	0	1	1	3	0	0	1	0	0	4	6008	1	4	2	0
51	4.7217	7.7881	4.1248	1.7000	0	0	0	0	0	0	0	0	0	0	0	0	0	0	0	0	487669	448611	871795	12011	3890	392410	682391	367186	9600	3928	2056	3	0	97	3	90	1	2116	0	0	85	3	68	1	1	1	310	6	278	1	0	1	2	1	0	0	0	0	0	4	5940	0	7	1	0
52	4.7217	7.7881	4.1248	1.7115	0	0	0	0	0	0	0	0	0	0	0	0	0	0	0	0	486871	446481	872641	12140	3944	391378	683171	367590	9416	2684	2051	4	1	97	4	78	0	1971	0	1	62	4	73	0	0	2	313	6	321	1	0	0	1	0	0	0	1	0	0	4	6012	1	5	2	0
53	4.7217	7.7881	4.1248	1.7230	0	0	0	0	0	0	0	0	0	0	0	0	0	0	0	0	487666	447979	870791	12170	3913	391507	684902	366250	9424	1716	2180	1	0	108	2	74	0	1964	0	0	98	4	79	0	4	1	320	5	325	3	0	0	0	1	0	0	1	0	0	2	6176	0	5	4	0
54	4.7217	7.7881	4.1248	1.7344	0	0	0	0	0	0	0	0	0	0	0	0	0	0	0	0	486374	446096	869525	12177	3873	392257	683223	367514	9679	895	2099	5	0	89	6	74	0	2008	2	0	96	3	95	0	3	1	340	11	327	0	0	2	3	0	0	1	0	0	0	4	6140	0	8	0	2
55	4.7217	7.7881	4.1248	1.7457	0	0	0	0	0	0	0	0	0	0	0	0	0	0	0	0	485069	443786	867195	12205	4013	390738	683847	366497	9554	562	2148	1	0	95	5	85	2	2013	0	0	89	3	67	1	4	1	376	7	283	0	0	0	3	2	0	1	1	0	0	3	5962	3	14	3	1
56	4.7217	7.7881	4.1248	1.7569	0	0	0	0	0	0	0	0	0	0	0	0	0	0	0	0	484483	444632	871176	12205	3850	394142	682872	368103	9599	574	2092	1	0	99	3	75	0	2001	1	0	96	4	84	2	4	0	360	13	297	2	0	1	3	2	0	0	0	1	0	5	6078	0	10	1	2
57	4.7217	7.7881	4.1248	1.7681	0	0	0	0	0	0	0	0	0	0	0	0	0	0	0	0	486561	444225	869128	11932	3863	393650	684712	367851	9433	966	2115	2	0	119	0	83	1	1969	0	0	65	3	78	0	1	1	336	10	315	3	0	0	0	0	0	0	1	0	0	3	6039	1	7	0	0
58	4.7217	7.7881	4.1248	1.7792	0	0	0	0	0	0	0	0	0	0	0	0	0	0	0	0	486503	445110	867664	12141	3895	390283	681585	366974	9529	1748	2037	1	0	88	6	81	0	2055	0	1	82	3	69	2	4	0	321	9	316	1	0	1	0	1	1	0	0	0	0	3	6093	0	4	2	0
59	4.7217	7.7881	4.1248	1.7902	0	0	0	0	0	0	0	0	0	0	0	0	0	0	0	0	488088	447958	866124	11979	4014	390446	684318	365083	9680	2814	2063	0	0	107	1	72	1	2024	3	0	86	4	65	0	0	0	327	14	327	1	0	2	1	0	0	0	0	0	0	2	6223	0	5	0	2
60	4.7217	7.7881	4.1248	1.8012	0	0	0	0	0	0	0	0	0	0	0	0	0	0	0	0	488760	446552	868148	11880	3927	391672	682091	366763	9661	4161	2123	2	0	89	4	72	0	2049	1	0	86	0	74	0	1	0	384	7	307	1	0	1	0	0	1	1	2	0	0	5	6040	1	8	0	1
61	4.7217	7.7881	4.1248	1.8121	0	0	0	0	0	0	0	0	0	0	0	0	0	0	0	0	487271	446145	866169	12290	3972	388015	678781	365519	9450	5240	2132	2	2	96	3	69	1	1970	2	1	89	2	71	2	0	0	309	7	337	2	0	0	2	0	0	0	0	0	0	9	6002	2	5	2	0
62	4.7217	7.7881	4.1248	1.8229	0	0	0	0	0	0	0	0	0	0	0	0	0	0	0	0	486467	444380	862940	12079	3840	390193	679351	364580	9491	6361	2104	0	1	91	4	79	1	1872	0	0	88	3	67	0	0	0	368	6	292	0	0	1	3	2	0	1	0	0	0	6	6054	1	4	0	1
63	4.7217	7.7881	4.1248	1.8337	0	0	0	0	0	0	0	0	0	0	0	0	0	0	0	0	488461	445916	867271	12089	3830	391419	679338	366044	9634	7266	2053	2	1	86	1	78	1	2028	2	0	86	1	65	0	4	2	343	7	333	4	0	3	0	4	0	0	1	0	0	4	6144	0	3	1	1
64	4.7217	7.7881	4.1248	1.8444	0	0	0	0	0	0	0	0	0	0	0	0	0	0	0	0	489378	446929	866132	12109	3856	389712	683192	366017	9574	7708	2133	2	0	98	4	80	2	2035	0	0	74	4	66	1	4	0	337	7	299	1	0	1	2	2	0	0	0	0	0	7	5991	0	2	2	0
65	4.7217	7.7881	4.1248	1.8550	0	0	0	0	0	0	0	0	0	0	0	0	0	0	0	0	488659	447113	864843	12122	3831	390131	683741	365110	9444	7933	2084	0	0	99	4	91	0	2013	2	0	78	1	74	1	1	0	370	8	335	1	0	1	0	2	0	1	0	0	0	0	6000	0	3	1	1
66	4.7217	7.7881	4.1248	1.8656	0	0	0	0	0	0	0	0	0	0	0	0	0	0	0	0	486986	446514	864326	12078	3891	391333	680909	365851	9692	7753	2103	3	1	91	7	75	0	2018	2	0	80	2	62	0	1	1	329	12	320	1	0	2	1	0	0	0	1	0	0	6	6142	0	6	1	2
67	4.7217	7.7881	4.1248	1.8761	0	0	0	0	0	0	0	0	0	0	0	0	0	0	0	0	487789	447066	865520	12115	3783	390991	682498	365115	9492	7187	2091	2	0	86	8	91	0	1953	0	0	82	1	77	1	3	0	344	13	331	0	0	1	2	0	0	0	1	1	0	7	6169	0	2	1	0
68	4.7217	7.7881	4.1248	1.8866	0	0	0	0	0	0	0	0	0	0	0	0	0	0	0	0	488768	447103	870302	12103	3997	391224	684207	366696	9573	6159	2082	4	1	96	2	67	0	2043	1	0	77	3	78	0	0	0	322	7	309	2	0	1	0	1	0	0	1	0	0	4	6099	0	6	1	0
69	4.7217	7.7881	4.1248	1.8970	0	0	0	0	0	0	0	0	0	0	0	0	0	0	0	0	486556	446377	868210	12134	3828	391203	685044	367377	9557	5063	2064	1	0	92	3	92	0	1928	0	1	100	4	75	0	2	0	352	11	310	2	0	3	0	0	0	0	1	0	0	4	6117	0	7	1	0
70	4.7217	7.7881	4.1248	1.9074	0	0	0	0	0	0	0	0	0	0	0	0	0	0	0	0	483416	444624	867148	12061	3958	392782	681532	368590	9504	3882	2076	1	0	94	5	85	2	1963	2	0	94	0	77	0	4	0	349	13	338	3	0	1	2	0	0	0	0	0	0	6	6085	0	6	2	1
71	4.7217	7.7881	4.1248	1.9177	0	0	0	0	0	0	0	0	0	0	0	0	0	0	0	0	482348	442281	863911	12413	4009	390484	677813	364925	9483	2697	2039	1	0	91	4	89	2	1971	1	2	92	4	68	0	0	1	344	6	330	2	1	2	0	1	0	0	2	2	0	7	6104	0	3	2	2
72	4.7217	7.7881	4.1248	1.9279	0	0	0	0	0	0	0	0	0	0	0	0	0	0	0	0	482005	441737	864383	12006	3926	389166	675985	365504	9640	1688	2062	0	0	97	7	87	0	2004	1	0	87	4	81	0	3	0	339	2	320	1	0	2	1	0	0	0	1	0	0	3	6081	0	4	3	1
73	4.7217	7.7881	4.1248	1.9381	0	0	0	0	0	0	0	0	0	0	0	0	0	0	0	0	480277	440541	868630	11890	3865	390144	677420	366599	9516	953	2121	0	0	97	8	86	1	1932	3	0	84	4	70	1	3	1	342	10	331	3	0	2	1	1	0	0	2	0	0	5	5958	0	5	2	1
74	4.7217	7.7881	4.1248	1.9482	0	0	0	0	0	0	0	0	0	0	0	0	0	0	0	0	481374	441721	869540	12116	3867	391567	679166	368379	9539	544	2097	0	0	85	7	95	0	1903	1	1	79	5	74	1	0	0	322	7	308	3	0	1	3	2	0	0	0	0	0	6	6103	2	6	3	3
75	4.7217	7.7881	4.1248	1.9583	0	0	0	0	0	0	0	0	0	0	0	0	0	0	0	0	482845	444000	868553	12000	3929	391851	681311	366139	9637	591	1999	3	0	87	4	79	1	1971	0	1	82	1	80	0	1	0	342	3	310	1	0	2	2	0	0	0	2	0	0	4	6030	2	9	1	0
76	4.7237	7.7893	4.1265	1.7000	0	0	0	0	0	0	0	0	0	0	0	0	0	0	0	0	484987	443369	866508	12015	3927	392298	679457	365823	9481	4324	2142	1	1	93	11	68	1	1988	0	1	80	3	87	0	3	0	341	14	316	4	0	2	1	0	0	1	3	1	0	7	6067	2	9	4	0
77	4.7237	7.7893	4.1265	1.7115	0	0	0	0	0	0	0	0	0	0	0	0	0	0	0	0	483104	443172	867229	12235	3978	391454	677519	365530	9617	3002	2160	1	2	75	7	75	1	2055	3	0	89	3	87	1	2	2	364	9	358	0	0	1	4	0	0	1	1	1	0	2	6111	0	8	1	1
78	4.7237	7.7893	4.1265	1.7230	0	0	0	0	0	0	0	0	0	0	0	0	0	0	0	0	485088	443714	864314	12233	3990	389973	681069	365293	9547	2027	2145	1	0	89	3	90	0	1992	1	1	76	7	77	0	0	0	344	12	320	2	0	1	2	3	0	0	0	3	0	5	6039	2	7	2	0
79	4.7237	7.7893	4.1265	1.7344	0	0	0	0	0	0	0	0	0	0	0	0	0	0	0	0	481481	441107	868429	12163	3868	390758	675609	365771	9556	1165	2099	1	1	81	8	79	2	1964	0	0	85	2	80	0	2	1	322	4	310	2	0	0	1	1	0	0	1	0	0	2	6023	2	5	3	2
80	4.7237	7.7893	4.1265	1.7457	0	0	0	0	0	0	0	0	0	0	0	0	0	0	0	0	480315	439445	863003	12207	4039	388898	673746	363699	9477	617	2138	2	1	96	7	85	0	1914	1	1	100	1	66	0	5	4	334	4	322	0	0	0	2	1	0	0	0	1	0	3	6111	0	6	3	1
81	4.7237	7.7893	4.1265	1.7569	0	0	0	0	0	0	0	0	0	0	0	0	0	0	0	0	479523	439271	864231	12192	3883	389599	674205	365572	9593	482	2053	5	0	93	5	87	0	1961	1	0	75	2	74	2	1	0	311	13	315	4	0	0	1	0	1	1	2	0	0	0	6017	1	5	1	0
82	4.7237	7.7893	4.1265	1.7681	0	0	0	0	0	0	0	0	0	0	0	0	0	0	0	0	478104	437728	863854	11993	3820	388960	673522	364454	9601	713	2098	1	1	77	3	66	1	1957	1	0	84	3	74	0	3	0	324	11	329	4	0	0	1	3	0	0	1	0	0	6	5953	0	5	2	1
83	4.7237	7.7893	4.1265	1.7792	0	0	0	0	0	0	0	0	0	0	0	0	0	0	0	0	477239	435718	860001	11893	3819	388341	670706	363570	9614	1314	2045	2	0	111	4	78	1	1921	1	0	96	4	83	2	1	2	347	10	302	2	0	0	2	2	0	0	1	0	0	4	5871	1	5	0	0
84	4.7237	7.7893	4.1265	1.7902	0	0	0	0	0	0	0	0	0	0	0	0	0	0	0	0	475893	433653	857387	12096	3921	387742	666295	362640	9588	2210	2086	1	0	94	3	85	0	1914	1	0	93	1	71	0	2	0	354	11	298	5	0	3	1	3	0	0	1	0	0	3	5860	1	3	3	1
85	4.7237	7.7893	4.1265	1.8012	0	0	0	0	0	0	0	0	0	0	0	0	0	0	0	0	476961	436441	854533	11981	3933	386251	671980	361744	9784	3272	2046	1	2	82	4	63	3	1983	0	0	83	2	62	1	2	0	325	14	307	3	0	1	1	2	0	0	0	0	0	2	5967	0	6	0	2
86	4.7237	7.7893	4.1265	1.8121	0	0	0	0	0	0	0	0	0	0	0	0	0	0	0	0	479746	434969	851138	12004	3883	383809	668874	359285	9463	4560	2015	2	0	93	5	94	0	1889	2	0	76	3	79	0	4	0	332	6	340	3	0	1	2	0	0	0	0	0	0	4	5860	0	5	4	0
87	4.7237	7.7893	4.1265	1.8229	0	0	0	0	0	0	0	0	0	0	0	0	0	0	0	0	477927	434904	853044	12063	3869	384848	668190	359870	9661	5653	1999	1	1	97	0	72	1	1905	2	0	93	2	67	0	4	1	308	8	299	2	0	0	1	0	0	0	2	0	0	5	5890	1	3	1	0
88	4.7237	7.7893	4.1265	1.8337	0	0	0	0	0	0	0	0	0	0	0	0	0	0	0	0	480650	436581	859158	12181	3825	386640	669438	363035	9616	6632	2074	2	1	80	3	75	4	1917	0	0	83	2	64	1	3	1	351	12	275	0	0	1	5	1	0	0	2	0	0	4	5849	0	6	2	1
89	4.7237	7.7893	4.1265	1.8444	0	0	0	0	0	0	0	0	0	0	0	0	0	0	0	0	479776	437167	855745	12128	3965	386396	669908	362289	9536	7210	2127	0	1	89	2	86	1	1898	0	0	85	3	71	0	3	0	358	7	299	1	0	3	1	2	0	0	0	0	0	6	5921	1	4	1	0
90	4.7237	7.7893	4.1265	1.8550	0	0	0	0	0	0	0	0	0	0	0	0	0	0	0	0	480598	438928	857602	12021	3849	388439	672609	363123	9452	7637	2071	1	1	80	0	71	1	1985	0	2	95	3	64	0	1	3	344	5	307	3	0	0	0	1	1	0	0	0	0	3	5917	0	3	2	1
91	4.7237	7.7893	4.1265	1.8656	0	0	0	0	0	0	0	0	0	0	0	0	0	0	0	0	480125	437384	858230	12203	3938	386463	670731	362193	9443	7802	2046	1	0	107	5	81	2	1887	3	1	78	1	72	2	3	1	325	5	285	2	0	2	3	2	0	0	0	0	0	1	5904	0	5	2	0
92	4.7237	7.7893	4.1265	1.8761	0	0	0	0	0	0	0	0	0	0	0	0	0	0	0	0	481680	438200	852718	11940	3912	385079	673990	360122	9675	7240	2128	1	0	92	5	73	1	1836	2	0	104	4	72	1	3	0	331	9	304	1	0	0	1	0	0	2	0	0	0	9	5850	0	4	1	1
93	4.7237	7.7893	4.1265	1.8866	0	0	0	0	0	0	0	0	0	0	0	0	0	0	0	0	478849	438849	849902	12161	3864	383591	672738	359258	9597	6395	2023	2	2	91	5	88	1	1962	1	0	65	3	74	0	2	2	313	8	358	1	0	2	1	0	0	4	1	0	0	4	5884	0	3	1	1
94	4.7237	7.7893	4.1265	1.8970	0	0	0	0	0	0	0	0	0	0	0	0	0	0	0	0	476643	437682	852271	12017	3972	384819	669524	359292	9586	5500	2009	0	0	93	1	72	0	1862	0	0	85	3	67	2	0	1	330	8	302	2	0	0	1	0	0	0	1	0	0	8	5824	0	7	2	2
95	4.7237	7.7893	4.1265	1.9074	0	0	0	0	0	0	0	0	0	0	0	0	0	0	0	0	474508	434528	853223	12172	4003	385021	668815	359763	9521	4312	2097	1	1	100	5	87	1	1827	1	1	73	6	71	0	0	2	326	11	312	3	0	1	2	3	0	0	1	1	0	6	5973	0	7	2	1
96	4.7237	7.7893	4.1265	1.9177	0	0	0	0	0	0	0	0	0	0	0	0	0	0	0	0	473773	434031	854999	12255	3883	386791	667554	361777	9396	3100	2131	2	0	77	2	77	2	1849	0	0	91	2	71	1	0	0	323	5	296	3	0	2	5	2	0	1	6	0	0	2	5894	1	6	1	0
97	4.7237	7.7893	4.1265	1.9279	0	0	0	0	0	0	0	0	0	0	0	0	0	0	0	0	473773	435117	851873	12134	3840	382854	667796	359169	9599	2123	2026	2	0	81	3	90	0	1866	4	0	88	3	76	2	0	0	310	6	321	1	0	0	1	0	1	0	0	0	0	4	5781	3	10	2	0
98	4.7237	7.7893	4.1265	1.9381	0	0	0	0	0	0	0	0	0	0	0	0	0	0	0	0	473299	433579	851911	11991	3912	384047	665798	358399	9613	1183	1961	1	0	92	4	68	0	1857	1	0	89	2	59	2	4	0	339	7	309	5	0	1	4	1	0	0	1	1	0	7	5844	1	5	1	1
99	4.7237	7.7893	4.1265	1.9482	0	0	0	0	0	0	0	0	0	0	0	0	0	0	0	0	472084	433526	853301	11940	3902	384156	665495	360949	9344	611	2052	2	0	82	6	90	1	1952	1	1	78	1	50	0	6	1	340	10	288	4	0	0	2	0	0	2	0	0	0	5	5914	1	3	4	0
100	4.7237	7.7893	4.1265	1.9583	0	0	0	0	0	0	0	0	0	0	0	0	0	0	0	0	474309	432842	855979	12118	3905	386033	667828	362161	9389	489	2145	2	1	78	3	69	0	1882	2	1	74	3	80	2	3	0	308	9	315	0	0	2	2	3	0	1	1	1	0	9	6054	0	8	4	0
101	4.7257	7.7905	4.1281	1.7000	0	0	0	0	0	0	0	0	0	0	0	0	0	0	0	0	478119	436424	851543	11969	3895	384774	669888	359821	9496	4743	2047	1	0	100	5	73	1	1893	0	0	67	1	62	1	2	0	327	7	272	1	0	1	0	1	0	0	1	1	0	1	5854	0	7	2	0
102	4.7257	7.7905	4.1281	1.7115	0	0	0	0	0	0	0	0	0	0	0	0	0	0	0	0	474657	433821	853947	12000	3853	384773	665565	361519	9490	3607	2009	0	0	93	6	67	0	1892	1	0	70	5	61	1	1	0	299	6	319	0	0	0	0	2	0	0	1	0	0	9	5883	1	4	1	1
103	4.7257	7.7905	4.1281	1.7230	0	0	0	0	0	0	0	0	0	0	0	0	0	0	0	0	474903	432445	850212	12062	3784	383501	667683	359894	9497	2474	2048	2	0	112	7	70	2	1905	0	1	74	3	79	1	5	0	325	3	327	1	0	2	1	1	0	0	1	0	0	4	5885	0	6	1	2
104	4.7257	7.7905	4.1281	1.7344	0	0	0	0	0	0	0	0	0	0	0	0	0	0	0	0	474023	432497	852569	11966	3923	383811	664272	358112	9522	1517	2125	0	0	76	3	61	1	1867	0	0	80	2	61	3	3	0	329	4	303	2	0	0	3	3	0	2	1	1	0	6	5672	0	2	1	0
105	4.7257	7.7905	4.1281	1.7457	0	0	0	0	0	0	0	0	0	0	0	0	0	0	0	0	474429	432141	854850	11887	3812	384415	664630	359985	9555	858	2038	0	0	85	4	78	0	1831	1	0	89	2	79	1	1	3	340	9	310	1	0	0	2	0	1	0	0	0	0	6	5844	0	4	2	3
106	4.7257	7.7905	4.1281	1.7569	0	0	0	0	0	0	0	0	0	0	0	0	0	0	0	0	473292	431943	849961	12068	3899	381754	665168	356459	9454	478	1942	2	0	116	6	91	1	1922	1	0	89	3	66	0	5	1	329	11	284	2	0	0	2	1	0	0	1	0	0	6	5916	0	5	1	1
107	4.7257	7.7905	4.1281	1.7681	0	0	0	0	0	0	0	0	0	0	0	0	0	0	0	0	472994	432268	854321	11800	3846	384921	664697	359353	9489	515	2108	1	1	75	6	78	0	1954	0	2	77	2	71	0	1	0	323	9	301	2	0	1	0	0	0	0	1	0	0	7	5796	1	10	2	0
108	4.7257	7.7905	4.1281	1.7792	0	0	0	0	0	0	0	0	0	0	0	0	0	0	0	0	473783	432190	854166	12067	3873	383924	664531	358888	9581	957	2073	3	3	83	4	72	3	1882	4	0	79	4	88	3	0	0	320	9	312	0	0	1	1	1	0	0	1	0	0	10	5825	2	9	0	1
109	4.7257	7.7905	4.1281	1.7902	0	0	0	0	0	0	0	0	0	0	0	0	0	0	0	0	477209	435599	854037	12073	3965	385356	670691	359998	9507	1696	2044	1	0	77	3	81	0	1896	2	2	91	2	79	1	2	2	344	5	307	0	0	1	1	0	0	0	1	1	0	3	5860	1	2	0	0
110	4.7257	7.7905	4.1281	1.8012	0	0	0	0	0	0	0	0	0	0	0	0	0	0	0	0	479844	434487	854346	12005	3867	384980	671189	360858	9541	2842	2017	3	1	91	4	70	2	1946	3	0	78	2	83	1	2	0	335	7	333	1	0	3	2	2	0	0	1	0	0	1	5825	1	3	4	0
111	4.7257	7.7905	4.1281	1.8121	0	0	0	0	0	0	0	0	0	0	0	0	0	0	0	0	479382	437415	857307	11990	3798	386234	669592	361578	9413	3900	2039	0	0	91	6	73	0	1891	2	0	78	3	58	0	3	0	325	5	305	1	0	0	0	0	0	0	0	0	0	4	5902	0	3	1	0
112	4.7257	7.7905	4.1281	1.8229	0	0	0	0	0	0	0	0	0	0	0	0	0	0	0	0	482055	437958	858216	12066	3771	384417	672601	361508	9415	5052	2050	3	0	85	6	78	1	1886	0	0	74	3	70	0	2	1	345	13	270	2	0	1	1	2	0	0	2	0	0	6	5804	1	7	7	0
113	4.7257	7.7905	4.1281	1.8337	0	0	0	0	0	0	0	0	0	0	0	0	0	0	0	0	482387	437804	853916	12091	3826	383235	670671	357790	9608	6347	2031	0	0	95	8	76	0	1983	2	0	93	2	67	0	1	0	323	7	322	1	0	2	2	1	0	0	0	1	0	4	5825	1	6	2	2
114	4.7257	7.7905	4.1281	1.8444	0	0	0	0	0	0	0	0	0	0	0	0	0	0	0	0	480929	438322	852141	11903	3953	383355	669668	359836	9617	6840	2001	1	1	80	5	80	2	2018	2	0	77	6	72	3	3	0	335	4	297	1	0	0	1	0	0	0	2	1	0	3	5921	0	5	0	0
115	4.7257	7.7905	4.1281	1.8550	0	0	0	0	0	0	0	0	0	0	0	0	0	0	0	0	483121	439669	856980	12124	3781	385577	671926	360578	9554	7692	2102	1	1	88	6	67	1	1925	0	0	89	4	72	1	5	1	316	5	287	1	0	2	3	1	0	0	1	1	0	7	5800	0	5	3	2
116	4.7257	7.7905	4.1281	1.8656	0	0	0	0	0	0	0	0	0	0	0	0	0	0	0	0	482194	438608	855870	12090	3864	384442	671294	360943	9417	7801	2123	0	0	90	7	75	1	1933	0	0	81	5	80	0	2	1	352	8	336	1	0	1	2	3	0	0	0	0	0	3	5790	2	9	3	0
117	4.7257	7.7905	4.1281	1.8761	0	0	0	0	0	0	0	0	0	0	0	0	0	0	0	0	481756	437699	856683	12082	3773	383802	670121	359087	9515	7664	2066	1	0	88	10	79	1	1885	3	0	72	4	66	1	0	1	304	10	306	2	0	3	4	0	1	0	2	0	0	4	5856	0	4	1	1
118	4.7257	7.7905	4.1281	1.8866	0	0	0	0	0	0	0	0	0	0	0	0	0	0	0	0	478252	435266	852989	11986	3796	383891	668343	359044	9532	6888	2012	2	0	91	5	67	2	1935	3	0	68	3	67	1	0	0	328	10	313	0	0	1	1	1	0	0	1	0	0	3	5929	0	3	1	1
119	4.7257	7.7905	4.1281	1.8970	0	0	0	0	0	0	0	0	0	0	0	0	0	0	0	0	477124	435619	852162	12099	3836	382514	666891	358525	9833	5888	2080	2	0	94	6	81	1	1941	0	1	78	5	54	0	3	0	356	10	311	3	0	0	1	0	0	0	1	0	0	2	5800	1	5	3	2
120	4.7257	7.7905	4.1281	1.9074	0	0	0	0	0	0	0	0	0	0	0	0	0	0	0	0	476933	436143	854390	12126	3868	384808	669127	357878	9347	5004	1992	1	0	91	5	92	0	2009	0	0	94	5	84	0	2	0	348	9	337	2	0	3	1	2	0	2	0	1	0	8	5913	0	8	2	1
121	4.7257	7.7905	4.1281	1.9177	0	0	0	0	0	0	0	0	0	0	0	0	0	0	0	0	476989	434940	856347	12334	3765	386007	668576	361409	9431	3751	2105	2	0	100	2	84	1	1899	1	0	62	5	64	1	5	1	321	6	315	2	0	2	2	1	0	0	1	0	0	6	5848	0	5	0	0
122	4.7257	7.7905	4.1281	1.9279	0	0	0	0	0	0	0	0	0	0	0	0	0	0	0	0	477710	435287	859071	11973	3903	387140	673628	361551	9443	2621	2068	0	1	75	6	87	1	1996	2	0	81	1	76	1	3	0	317	10	318	0	0	1	3	2	0	0	1	0	0	1	5901	0	8	2	1
123	4.7257	7.7905	4.1281	1.9381	0	0	0	0	0	0	0	0	0	0	0	0	0	0	0	0	477338	438576	860990	11893	3855	386648	675424	362581	9369	1682	2075	1	1	92	3	82	1	1924	0	0	87	3	73	2	4	0	317	8	293	1	0	0	1	0	0	1	2	0	0	2	5765	1	5	1	0
124	4.7257	7.7905	4.1281	1.9482	0	0	0	0	0	0	0	0	0	0	0	0	0	0	0	0	479235	438207	863383	12022	3929	389873	673897	363854	9552	918	2156	3	0	96	6	75	2	1936	1	0	81	4	85	3	3	1	325	13	334	1	0	1	1	1	0	0	3	0	0	3	6008	1	5	4	0
125	4.7257	7.7905	4.1281	1.9583	0	0	0	0	0	0	0	0	0	0	0	0	0	0	0	0	479210	437817	865340	12000	3915	391014	673239	365306	9429	507	1997	0	2	120	7	87	1	2006	0	0	92	4	76	2	1	2	336	7	296	1	0	4	2	4	0	1	2	0	0	4	5994	1	6	1	2
126	4.7277	7.7918	4.1297	1.7000	0	0	0	0	0	0	0	0	0	0	0	0	0	0	0	0	480532	439473	862124	12061	3874	388262	671358	364024	9560	5324	2116	2	1	94	4	81	0	2010	1	0	89	1	76	0	5	1	326	7	300	3	0	1	4	2	0	0	1	0	0	4	5918	2	6	3	1
127	4.7277	7.7918	4.1297	1.7115	0	0	0	0	0	0	0	0	0	0	0	0	0	0	0	0	479871	438255	860808	12123	3951	387772	668938	363121	9400	4183	2104	3	0	109	3	93	1	2053	1	0	79	2	72	3	3	0	345	7	303	2	0	1	0	0	0	1	0	0	0	5	5867	1	6	3	1
128	4.7277	7.7918	4.1297	1.7230	0	0	0	0	0	0	0	0	0	0	0	0	0	0	0	0	479706	437688	856952	12243	3848	386019	674410	361616	9462	3108	2052	4	0	86	7	90	2	1946	0	2	75	3	70	0	2	0	307	6	321	0	0	0	2	2	0	0	1	0	0	0	5833	0	6	0	0
129	4.7277	7.7918	4.1297	1.7344	0	0	0	0	0	0	0	0	0	0	0	0	0	0	0	0	479188	437197	860729	12153	3932	387359	675105	364058	9575	1964	2116	1	0	92	6	100	1	1924	0	0	83	3	81	0	2	1	334	8	339	2	1	0	0	1	0	0	1	1	0	8	5852	1	5	1	1
130	4.7277	7.7918	4.1297	1.7457	0	0	0	0	0	0	0	0	0	0	0	0	0	0	0	0	476569	435667	858231	11993	3942	386306	672999	362186	9450	1154	2023	0	0	98	4	87	2	1912	2	1	92	3	75	2	2	0	310	12	330	2	0	2	2	1	0	0	2	0	0	6	5807	0	2	0	0
131	4.7277	7.7918	4.1297	1.7569	0	0	0	0	0	0	0	0	0	0	0	0	0	0	0	0	478247	435592	857701	12192	3838	386211	668472	361663	9546	645	2113	1	1	84	6	83	1	1921	1	0	74	5	76	0	1	0	324	8	301	2	0	2	3	2	0	0	0	0	0	4	5990	2	1	1	0
132	4.7277	7.7918	4.1297	1.7681	0	0	0	0	0	0	0	0	0	0	0	0	0	0	0	0	476197	432612	854859	11886	3965	384854	668287	360700	9715	483	1991	1	1	73	4	89	2	1889	2	1	78	4	67	1	1	1	301	7	311	0	0	1	0	1	0	0	2	0	0	2	5949	1	3	2	0
133	4.7277	7.7918	4.1297	1.7792	0	0	0	0	0	0	0	0	0	0	0	0	0	0	0	0	477227	433756	860207	11843	3888	386319	668383	362240	9436	739	2108	2	0	86	5	70	0	1935	1	2	75	6	76	2	1	2	339	5	323	2	0	1	2	0	0	1	0	0	0	2	5975	1	10	4	0
134	4.7277	7.7918	4.1297	1.7902	0	0	0	0	0	0	0	0	0	0	0	0	0	0	0	0	479409	436647	856647	11915	3798	385394	671917	362187	9635	1405	2155	2	2	89	5	73	3	1929	2	0	80	3	73	1	3	0	337	10	326	1	0	2	3	0	0	1	1	1	0	5	6036	1	7	3	1
135	4.7277	7.7918	4.1297	1.8012	0	0	0	0	0	0	0	0	0	0	0	0	0	0	0	0	478155	435768	855757	12152	3791	385811	672753	361219	9485	2276	2050	2	0	98	6	86	1	2024	2	0	68	2	50	1	1	0	342	7	322	2	0	0	1	2	0	0	2	0	0	3	5997	0	5	0	0
136	4.7277	7.7918	4.1297	1.8121	0	0	0	0	0	0	0	0	0	0	0	0	0	0	0	0	479334	436833	858266	12104	3908	387798	673203	362244	9510	3332	2024	2	0	95	4	86	1	1910	0	0	87	2	72	2	3	0	338	10	324	1	0	0	5	2	0	0	1	0	0	2	5992	0	9	3	0
137	4.7277	7.7918	4.1297	1.8229	0	0	0	0	0	0	0	0	0	0	0	0	0	0	0	0	481259	437259	856015	12389	3959	385575	673296	362552	9612	4605	1979	0	0	106	5	63	1	1947	1	0	81	5	61	0	3	0	330	7	321	2	0	1	1	0	0	0	0	0	0	7	5787	1	7	2	2
138	4.7277	7.7918	4.1297	1.8337	0	0	0	0	0	0	0	0	0	0	0	0	0	0	0	0	482000	438549	859582	11768	3836	386582	672164	362421	9576	5774	2023	1	0	98	0	80	0	1969	0	1	91	0	84	2	4	0	333	5	326	3	0	0	1	1	0	0	0	1	0	2	5981	3	3	1	2
139	4.7277	7.7918	4.1297	1.8444	0	0	0	0	0	0	0	0	0	0	0	0	0	0	0	0	480609	437965	860702	12035	3779	386455	669319	361663	9666	6656	2064	2	0	77	3	87	1	1838	0	0	86	4	76	1	7	0	359	5	294	4	0	2	1	1	0	0	0	0	0	5	5922	0	4	3	0
140	4.7277	7.7918	4.1297	1.8550	0	0	0	0	0	0	0	0	0	0	0	0	0	0	0	0	480945	438392	859533	12096	3949	387013	673255	363030	9532	7407	2034	1	0	88	8	65	0	1925	1	0	77	3	77	2	3	0	331	10	306	2	0	0	2	0	0	0	1	0	0	2	5960	2	6	0	2
141	4.7277	7.7918	4.1297	1.8656	0	0	0	0	0	0	0	0	0	0	0	0	0	0	0	0	483599	439159	860504	11907	4024	387637	675119	364088	9615	7993	2066	4	1	84	5	82	2	1924	1	0	94	3	59	3	1	0	342	9	308	0	0	2	2	0	0	0	1	0	0	2	5880	2	11	4	0
142	4.7277	7.7918	4.1297	1.8761	0	0	0	0	0	0	0	0	0	0	0	0	0	0	0	0	481265	438486	861279	11879	3961	389798	671305	362729	9682	7574	2125	3	1	105	1	80	2	1940	1	0	83	0	80	2	3	0	322	12	321	3	0	2	1	1	0	0	1	0	0	4	6102	0	2	0	1
143	4.7277	7.7918	4.1297	1.8866	0	0	0	0	0	0	0	0	0	0	0	0	0	0	0	0	480466	437904	861633	11972	3800	388010	673000	363835	9424	7209	1996	1	2	87	4	95	1	1977	1	0	82	2	78	0	3	0	333	9	294	3	0	2	1	2	0	1	1	1	0	5	6024	2	3	2	1
144	4.7277	7.7918	4.1297	1.8970	0	0	0	0	0	0	0	0	0	0	0	0	0	0	0	0	479935	437708	863157	12140	3986	389945	673526	362808	9639	6621	2127	4	0	85	6	75	2	1896	2	0	84	2	84	3	2	0	325	2	296	2	0	0	1	0	0	0	1	0	0	6	6017	2	6	0	0
145	4.7277	7.7918	4.1297	1.9074	0	0	0	0	0	0	0	0	0	0	0	0	0	0	0	0	476514	435823	862436	11974	3822	389495	669169	364923	9473	5433	2061	0	0	86	7	80	0	1891	2	0	78	0	63	0	5	0	342	10	300	2	0	2	4	0	0	0	1	0	0	2	5968	0	8	2	2
146	4.7277	7.7918	4.1297	1.9177	0	0	0	0	0	0	0	0	0	0	0	0	0	0	0	0	478794	437410	864308	12273	3840	388841	670942	365354	9530	4279	2142	3	1	87	3	72	1	1860	0	0	65	2	69	1	7	0	332	12	313	1	0	1	1	3	0	0	2	0	0	5	6039	0	4	0	2
147	4.7277	7.7918	4.1297	1.9279	0	0	0	0	0	0	0	0	0	0	0	0	0	0	0	0	477766	437643	862655	12167	3943	388130	672307	363500	9513	3123	2066	2	0	93	5	71	1	1950	1	0	75	5	70	0	5	0	314	8	332	1	0	1	0	0	0	1	3	1	0	6	6021	0	5	3	0
148	4.7277	7.7918	4.1297	1.9381	0	0	0	0	0	0	0	0	0	0	0	0	0	0	0	0	476477	437129	863526	12120	3866	389744	670494	364397	9441	2113	2039	0	0	82	6	79	1	1979	1	1	83	4	85	2	2	1	357	10	266	0	0	1	2	1	0	0	2	1	0	2	5961	0	9	1	1
149	4.7277	7.7918	4.1297	1.9482	0	0	0	0	0	0	0	0	0	0	0	0	0	0	0	0	476258	435256	860868	11931	3899	388215	670426	362611	9537	1201	2062	3	0	92	4	85	1	1924	1	0	79	6	78	2	1	0	294	5	304	2	0	1	1	1	0	0	1	0	0	2	6029	1	4	0	2
150	4.7277	7.7918	4.1297	1.9583	0	0	0	0	0	0	0	0	0	0	0	0	0	0	0	0	474699	432244	861198	12028	3940	387733	668471	362689	9453	648	2013	3	0	84	5	55	1	1957	1	0	65	1	65	0	5	0	321	9	318	1	0	1	2	0	1	0	0	0	0	2	5928	1	5	0	0
151	4.7297	7.7930	4.1313	1.7000	0	0	0	0	0	0	0	0	0	0	0	0	0	0	0	0	478014	437101	858299	11966	3860	386776	669666	362322	9490	5763	2015	1	1	103	5	84	2	2045	3	2	67	1	85	0	1	0	335	8	323	0	0	1	2	0	1	0	0	1	0	3	6027	1	5	1	4
152	4.7297	7.7930	4.1313	1.7115	0	0	0	0	0	0	0	0	0	0	0	0	0	0	0	0	477793	434726	857425	11938	3907	385942	666964	362872	9392	4634	2113	1	0	95	5	92	1	2031	2	0	82	6	80	0	1	0	332	8	310	0	0	2	1	2	0	0	1	0	0	5	5982	0	8	3	0
153	4.7297	7.7930	4.1313	1.7230	0	0	0	0	0	0	0	0	0	0	0	0	0	0	0	0	476726	432077	858695	11876	3844	387713	663568	362782	9435	3471	2065	2	1	92	4	68	1	1931	3	0	101	3	77	1	1	0	358	11	289	4	0	2	0	1	0	0	2	0	0	2	5934	2	7	2	1
154	4.7297	7.7930	4.1313	1.7344	0	0	0	0	0	0	0	0	0	0	0	0	0	0	0	0	474722	432505	858752	12260	3924	388095	662238	361952	9504	2349	2138	1	0	91	6	90	1	1995	2	0	78	3	81	0	7	1	321	6	279	2	0	2	1	0	0	1	0	0	0	3	6014	0	10	0	1
155	4.7297	7.7930	4.1313	1.7457	0	0	0	0	0	0	0	0	0	0	0	0	0	0	0	0	473093	431124	856990	12070	3873	385222	661329	361629	9278	1418	2053	3	1	92	1	81	1	1852	2	1	73	3	93	0	4	0	318	8	309	1	0	2	0	0	0	1	0	0	0	4	5992	2	1	0	0
156	4.7297	7.7930	4.1313	1.7569	0	0	0	0	0	0	0	0	0	0	0	0	0	0	0	0	472817	428573	854161	12104	3899	384268	662456	359828	9591	857	2083	0	0	78	4	75	0	1901	0	0	84	2	68	2	1	1	337	4	319	1	0	3	4	1	0	0	0	1	0	4	5959	0	8	5	1
157	4.7297	7.7930	4.1313	1.7681	0	0	0	0	0	0	0	0	0	0	0	0	0	0	0	0	473626	429626	854649	11974	3790	385649	662706	360240	9452	493	2055	1	0	88	4	65	1	1965	0	0	80	2	65	0	4	0	314	6	276	0	0	0	0	1	0	0	1	0	0	4	5929	0	10	0	1
158	4.7297	7.7930	4.1313	1.7792	0	0	0	0	0	0	0	0	0	0	0	0	0	0	0	0	475379	431165	856889	11679	3560	385558	664289	360182	8920	572	2104	2	0	85	5	83	0	1913	0	2	90	1	77	1	5	1	335	10	282	1	0	2	0	0	0	0	0	0	0	1	5909	0	5	1	0
159	4.7297	7.7930	4.1313	1.7902	0	0	0	0	0	0	0	0	0	0	0	0	0	0	0	0	475344	431542	856356	12078	3808	385863	664248	361633	9337	1058	2004	0	1	89	3	82	2	1976	0	1	80	0	87	0	4	0	312	11	282	2	0	1	1	0	1	0	2	0	0	5	5814	0	6	2	1
160	4.7297	7.7930	4.1313	1.8012	0	0	0	0	0	0	0	0	0	0	0	0	0	0	0	0	475772	431535	856380	12074	3807	385128	665911	360605	9492	1864	2121	2	0	105	4	76	1	1946	0	1	72	4	66	0	3	0	318	8	339	1	0	2	0	2	0	0	2	0	0	5	5950	1	6	1	1
161	4.7297	7.7930	4.1313	1.8121	0	0	0	0	0	0	0	0	0	0	0	0	0	0	0	0	476997	432385	853403	12008	3876	385688	665862	359459	9245	2850	2063	3	1	96	2	86	0	1967	1	2	81	2	81	1	5	0	309	6	326	3	0	0	1	1	0	0	1	0	0	2	5979	1	4	1	0
162	4.7297	7.7930	4.1313	1.8229	0	0	0	0	0	0	0	0	0	0	0	0	0	0	0	0	475569	431248	851482	11975	3869	384563	663932	360855	9599	4022	2008	1	0	95	2	68	0	1941	3	0	79	4	71	1	1	0	335	10	333	0	0	1	0	4	0	1	1	0	0	4	5998	0	6	1	0
163	4.7297	7.7930	4.1313	1.8337	0	0	0	0	0	0	0	0	0	0	0	0	0	0	0	0	475456	433130	855308	11858	3836	385256	662652	360218	9500	5241	2039	3	1	78	5	86	1	2006	4	0	74	3	75	1	4	0	321	9	311	1	0	1	3	0	0	0	0	0	0	5	5811	1	12	2	1
164	4.7297	7.7930	4.1313	1.8444	0	0	0	0	0	0	0	0	0	0	0	0	0	0	0	0	476699	435113	856836	12079	3798	386189	664575	362996	9579	6353	2111	1	1	69	4	71	1	1932	2	0	74	1	69	1	3	0	332	8	313	1	0	2	3	2	0	1	0	1	0	3	5910	2	2	2	1
165	4.7297	7.7930	4.1313	1.8550	0	0	0	0	0	0	0	0	0	0	0	0	0	0	0	0	477487	434935	856316	12097	3982	386314	664396	360419	9328	7037	1969	3	0	98	8	83	0	1951	3	0	76	2	74	1	1	1	339	12	307	3	0	0	2	0	0	0	0	0	0	4	5888	2	6	0	0
166	4.7297	7.7930	4.1313	1.8656	0	0	0	0	0	0	0	0	0	0	0	0	0	0	0	0	479190	437837	859690	11964	3824	386761	666988	361437	9427	7596	2066	0	0	89	3	65	2	1935	1	0	68	2	76	0	0	0	323	1	316	1	0	1	4	2	0	0	1	0	0	3	5978	0	10	4	1
167	4.7297	7.7930	4.1313	1.8761	0	0	0	0	0	0	0	0	0	0	0	0	0	0	0	0	478391	436184	860136	11842	3930	388467	664152	362062	9481	7610	2026	3	0	86	6	63	0	1960	1	0	74	2	71	1	3	0	329	9	303	2	0	1	1	1	0	0	1	1	0	0	6032	0	2	3	2
168	4.7297	7.7930	4.1313	1.8866	0	0	0	0	0	0	0	0	0	0	0	0	0	0	0	0	475185	436775	858203	12002	3860	386083	666683	361565	9439	7399	2009	2	0	96	2	74	2	1944	2	2	82	0	83	1	1	0	299	6	304	2	0	1	1	1	0	0	0	0	0	10	5958	0	5	0	0
169	4.7297	7.7930	4.1313	1.8970	0	0	0	0	0	0	0	0	0	0	0	0	0	0	0	0	475635	434769	854413	12118	3857	387128	663044	360403	9522	6816	2058	1	1	100	4	76	3	1938	1	0	100	6	82	1	6	1	294	2	325	1	0	2	2	0	0	1	0	0	0	5	5981	2	7	1	1
170	4.7297	7.7930	4.1313	1.9074	0	0	0	0	0	0	0	0	0	0	0	0	0	0	0	0	474926	434061	855204	11991	3814	384994	664413	360176	9542	5686	2070	4	1	96	4	72	0	1906	0	0	89	2	71	1	3	2	334	6	333	2	0	3	1	0	0	1	2	0	0	3	5907	0	1	3	0
171	4.7297	7.7930	4.1313	1.9177	0	0	0	0	0	0	0	0	0	0	0	0	0	0	0	0	473838	434388	855258	11483	3420	386387	662667	360775	8875	4737	2073	4	0	90	3	89	1	1943	1	1	76	3	84	3	1	1	316	8	330	3	0	0	2	0	0	0	1	1	0	4	5944	0	6	0	0
172	4.7297	7.7930	4.1313	1.9279	0	0	0	0	0	0	0	0	0	0	0	0	0	0	0	0	470716	431668	855041	11352	3475	385626	660800	360138	8726	3550	2104	1	0	84	5	73	1	1879	1	2	88	2	89	0	1	0	344	7	318	3	0	2	1	0	0	0	2	0	0	5	5856	1	6	4	0
173	4.7297	7.7930	4.1313	1.9381	0	0	0	0	0	0	0	0	0	0	0	0	0	0	0	0	470208	431162	854357	11675	3774	387126	659245	362211	9540	2485	2038	1	0	83	3	88	1	1954	2	0	87	3	71	1	0	1	317	7	316	2	0	1	1	0	0	0	0	0	0	3	5763	0	6	0	2
174	4.7297	7.7930	4.1313	1.9482	0	0	0	0	0	0	0	0	0	0	0	0	0	0	0	0	466370	430899	854883	12073	3753	384790	658322	360166	9265	1586	2044	0	0	90	7	77	3	1974	1	0	59	3	67	2	4	1	357	6	325	1	0	2	2	0	0	1	0	0	0	6	5951	1	8	0	2
175	4.7297	7.7930	4.1313	1.9583	0	0	0	0	0	0	0	0	0	0	0	0	0	0	0	0	469251	432447	854824	11889	3863	385220	661230	361342	9449	892	2099	1	0	88	6	68	1	1827	4	0	72	1	77	0	1	2	305	4	296	2	0	1	1	2	0	0	0	0	0	6	5834	0	6	2	0
176	4.7317	7.7942	4.1330	1.7000	0	0	0	0	0	0	0	0	0	0	0	0	0	0	0	0	471328	433601	852393	12053	3765	385592	655395	360917	9289	6166	2060	0	0	89	1	76	1	2016	0	0	83	3	73	1	4	1	313	8	320	5	0	0	0	3	0	0	1	0	0	3	5973	0	7	1	0
177	4.7317	7.7942	4.1330	1.7115	0	0	0	0	0	0	0	0	0	0	0	0	0	0	0	0	469326	432422	849982	11974	3821	383117	653339	357564	9394	5158	2024	1	0	84	4	75	2	1894	0	0	92	3	87	1	1	0	313	4	299	0	0	2	0	0	0	0	0	0	0	8	5764	0	7	1	1
178	4.7317	7.7942	4.1330	1.7230	0	0	0	0	0	0	0	0	0	0	0	0	0	0	0	0	466856	429100	849858	12114	3859	383333	650279	359109	9416	3988	2122	1	1	78	3	90	1	2003	0	0	82	2	65	0	5	0	310	7	311	0	0	3	0	2	0	0	2	0	0	5	5959	0	4	5	3
179	4.7317	7.7942	4.1330	1.7344	0	0	0	0	0	0	0	0	0	0	0	0	0	0	0	0	466436	428296	849430	11937	3911	383681	650951	358344	9424	2773	1992	0	1	72	1	69	2	1829	1	0	108	2	61	1	2	0	328	5	304	1	0	1	1	1	0	0	1	0	0	4	6046	0	9	2	1
180	4.7317	7.7942	4.1330	1.7457	0	0	0	0	0	0	0	0	0	0	0	0	0	0	0	0	464621	427951	845498	11656	3874	381339	649653	356737	9402	1901	2097	2	1	92	6	80	1	1879	0	0	77	3	76	0	3	1	342	5	304	0	0	0	4	1	0	0	1	0	0	6	5811	1	7	0	1
181	4.7317	7.7942	4.1330	1.7569	0	0	0	0	0	0	0	0	0	0	0	0	0	0	0	0	463670	427483	849040	11830	3879	381838	650719	357964	9448	1120	2066	1	0	90	8	75	1	1888	1	1	82	5	56	1	0	1	329	9	306	1	0	3	1	1	0	0	0	0	0	3	5797	2	4	1	1
182	4.7317	7.7942	4.1330	1.7681	0	0	0	0	0	0	0	0	0	0	0	0	0	0	0	0	464655	428771	845995	12031	3967	380028	646892	356513	9487	646	1948	3	0	95	3	72	1	1929	3	0	78	4	74	1	2	0	301	8	302	3	0	0	1	2	0	0	1	1	0	7	5834	2	5	0	1
183	4.7317	7.7942	4.1330	1.7792	0	0	0	0	0	0	0	0	0	0	0	0	0	0	0	0	463860	428900	845045	11982	3838	381847	648847	358127	9347	540	2079	1	2	89	2	79	0	1931	2	0	88	1	73	0	4	0	346	7	274	1	0	1	2	1	0	0	0	0	0	4	5885	0	9	1	0
184	4.7317	7.7942	4.1330	1.7902	0	0	0	0	0	0	0	0	0	0	0	0	0	0	0	0	464121	427823	849360	12023	3783	383469	648461	357376	9427	778	2031	1	0	89	3	85	0	1918	0	1	64	2	76	1	2	2	334	5	309	2	0	2	1	1	0	0	0	0	0	4	5693	2	9	1	0
185	4.7317	7.7942	4.1330	1.8012	0	0	0	0	0	0	0	0	0	0	0	0	0	0	0	0	464992	429883	845006	11924	3821	380574	648121	356100	9509	1392	2030	1	0	89	3	80	1	1930	2	1	81	4	73	0	1	0	311	6	312	2	0	1	1	2	0	0	0	1	0	4	5807	0	8	2	0
186	4.7317	7.7942	4.1330	1.8121	0	0	0	0	0	0	0	0	0	0	0	0	0	0	0	0	465814	428894	849329	12125	3859	381851	649741	358335	9594	2359	2078	4	1	77	2	78	0	1878	1	0	75	1	79	1	2	0	316	12	290	5	0	0	4	1	1	0	3	0	0	0	5863	2	8	1	1
187	4.7317	7.7942	4.1330	1.8229	0	0	0	0	0	0	0	0	0	0	0	0	0	0	0	0	465384	429368	847995	12073	3868	382192	647347	357586	9459	3480	2083	1	1	81	3	74	0	1927	0	0	73	1	71	0	0	0	339	8	310	0	0	1	1	2	0	1	0	0	0	4	5778	1	6	4	2
188	4.7317	7.7942	4.1330	1.8337	0	0	0	0	0	0	0	0	0	0	0	0	0	0	0	0	465044	429063	849446	12083	3778	382614	647912	358161	9339	4627	2060	2	1	96	4	88	0	1955	2	0	94	3	84	1	2	1	297	3	313	1	0	0	1	0	0	0	0	1	0	5	5972	1	6	1	0
189	4.7317	7.7942	4.1330	1.8444	0	0	0	0	0	0	0	0	0	0	0	0	0	0	0	0	464441	426990	840182	11754	3742	378699	645901	354166	9169	5498	2165	1	0	94	2	66	0	1882	1	0	73	4	74	0	1	0	319	6	325	4	0	1	4	0	0	0	3	0	0	4	5677	0	3	2	0
190	4.7317	7.7942	4.1330	1.8550	0	0	0	0	0	0	0	0	0	0	0	0	0	0	0	0	465133	429838	845089	12118	3823	380266	650032	357405	9447	6300	2016	1	0	85	3	70	1	1881	1	1	76	5	62	1	2	0	349	6	307	2	0	2	3	1	0	0	0	1	0	3	5807	0	6	1	0
191	4.7317	7.7942	4.1330	1.8656	0	0	0	0	0	0	0	0	0	0	0	0	0	0	0	0	469628	433138	852387	12037	3885	383813	652361	360014	9537	7158	2046	2	0	89	4	72	2	1958	2	0	89	3	69	2	3	3	350	4	318	4	0	0	1	1	0	2	0	0	0	5	6001	1	3	2	1
192	4.7317	7.7942	4.1330	1.8761	0	0	0	0	0	0	0	0	0	0	0	0	0	0	0	0	466756	430838	852163	12098	3971	383010	649362	359307	9370	7420	1993	0	0	99	3	78	2	1908	0	0	78	2	75	1	6	1	380	4	330	0	0	1	4	0	0	0	0	0	0	9	5600	0	7	1	0
193	4.7317	7.7942	4.1330	1.8866	0	0	0	0	0	0	0	0	0	0	0	0	0	0	0	0	467300	429570	847390	11928	4014	382372	649666	358107	9323	7416	2002	1	0	109	4	86	3	1893	1	0	80	3	76	0	3	1	318	10	292	4	0	0	3	0	0	1	4	0	0	4	5899	1	3	3	0
194	4.7317	7.7942	4.1330	1.8970	0	0	0	0	0	0	0	0	0	0	0	0	0	0	0	0	465121	429712	848169	11854	3847	383133	650359	359246	9387	6893	2027	1	0	112	5	89	2	1969	0	0	76	2	64	0	1	3	337	7	366	3	0	1	2	2	0	0	0	1	0	6	5707	1	7	0	0
195	4.7317	7.7942	4.1330	1.9074	0	0	0	0	0	0	0	0	0	0	0	0	0	0	0	0	465014	428747	849161	11907	3896	382753	650220	359785	9478	6198	1948	3	0	84	8	92	1	1880	3	0	83	2	77	1	1	0	347	7	303	2	0	0	2	1	0	0	1	0	0	6	5755	1	4	2	0
196	4.7317	7.7942	4.1330	1.9177	0	0	0	0	0	0	0	0	0	0	0	0	0	0	0	0	466611	430008	853229	12107	3920	383737	650654	358972	9634	5223	2058	2	1	87	2	82	1	1971	1	0	71	4	58	2	3	0	312	6	311	4	0	0	0	0	0	0	1	0	0	5	5739	1	10	2	2
197	4.7317	7.7942	4.1330	1.9279	0	0	0	0	0	0	0	0	0	0	0	0	0	0	0	0	464386	429037	856289	12011	3886	386480	651868	360517	9457	4077	2010	1	0	102	4	76	1	1900	1	0	74	3	64	2	4	2	335	8	278	0	0	2	1	0	0	0	1	0	0	8	5921	0	8	3	0
198	4.7317	7.7942	4.1330	1.9381	0	0	0	0	0	0	0	0	0	0	0	0	0	0	0	0	466305	429715	852616	12228	3903	385326	653133	360655	9753	2939	2039	0	0	125	6	80	3	2010	1	0	81	2	77	3	4	0	310	9	298	0	0	0	2	0	0	0	0	0	0	9	5926	0	3	2	1
199	4.7317	7.7942	4.1330	1.9482	0	0	0	0	0	0	0	0	0	0	0	0	0	0	0	0	464530	429643	851412	12068	3922	384814	654070	360877	9793	1899	1950	0	2	101	5	73	2	1879	3	1	73	7	85	0	2	0	357	5	309	4	0	1	2	1	0	0	0	0	0	6	5880	0	4	1	1
200	4.7317	7.7942	4.1330	1.9583	0	0	0	0	0	0	0	0	0	0	0	0	0	0	0	0	463008	429567	850125	12178	3872	383102	652343	359601	9627	1187	1976	2	1	85	3	74	0	1925	0	0	77	7	68	1	0	3	337	3	319	2	0	0	2	2	0	0	0	0	0	5	5752	0	6	0	1
201	4.7337	7.7954	4.1346	1.7000	0	0	0	0	0	0	0	0	0	0	0	0	0	0	0	0	467380	430888	849017	12057	3781	383961	650465	359086	9319	6468	1968	3	0	85	4	69	0	1872	1	1	86	5	81	2	4	1	323	8	288	7	0	1	0	1	0	0	0	0	0	4	5731	2	7	0	3
202	4.7337	7.7954	4.1346	1.7115	0	0	0	0	0	0	0	0	0	0	0	0	0	0	0	0	468243	431079	853456	12219	3920	384910	652435	360230	9395	5449	2000	0	0	95	4	75	0	1970	1	0	72	5	61	0	2	0	343	5	293	2	0	0	3	1	0	1	0	0	0	6	5948	3	3	0	1
203	4.7337	7.7954	4.1346	1.7230	0	0	0	0	0	0	0	0	0	0	0	0	0	0	0	0	467398	430724	848576	12118	3950	383289	654995	359158	9496	4453	2033	3	1	98	4	79	0	1934	1	0	72	1	84	1	3	0	348	7	314	2	0	0	0	1	0	1	1	0	0	5	5769	1	6	1	0
204	4.7337	7.7954	4.1346	1.7344	0	0	0	0	0	0	0	0	0	0	0	0	0	0	0	0	466912	430602	848680	12178	3939	384544	656300	359745	9716	3358	1976	2	0	85	1	77	0	1920	4	0	83	4	83	0	1	1	308	12	274	0	0	0	1	2	0	1	1	1	0	5	5864	0	2	0	0
205	4.7337	7.7954	4.1346	1.7457	0	0	0	0	0	0	0	0	0	0	0	0	0	0	0	0	465827	428206	846763	12154	3928	382861	652220	358130	9512	2291	1985	1	0	82	6	81	1	1876	1	0	79	4	65	1	4	0	303	4	332	1	0	0	1	0	0	1	2	0	0	4	5722	2	9	3	0
206	4.7337	7.7954	4.1346	1.7569	0	0	0	0	0	0	0	0	0	0	0	0	0	0	0	0	468306	430840	848763	12093	3912	383149	654420	359175	9484	1364	2084	0	2	80	2	75	2	1871	2	0	75	3	74	2	2	1	328	12	299	1	0	3	1	0	0	0	1	0	0	3	5906	0	4	2	1
207	4.7337	7.7954	4.1346	1.7681	0	0	0	0	0	0	0	0	0	0	0	0	0	0	0	0	465871	429045	849499	12046	3904	383481	653459	358538	9520	891	2005	0	0	94	12	63	1	1905	1	0	88	5	61	0	2	2	359	13	277	2	0	0	3	1	0	0	0	1	0	3	5947	0	7	0	0
208	4.7337	7.7954	4.1346	1.7792	0	0	0	0	0	0	0	0	0	0	0	0	0	0	0	0	467012	430344	855559	12069	3995	386206	655726	361865	9437	548	1972	2	1	84	3	51	1	1925	2	1	83	3	77	0	3	3	323	11	286	2	0	1	2	0	0	0	2	0	0	6	5843	1	5	5	0
209	4.7337	7.7954	4.1346	1.7902	0	0	0	0	0	0	0	0	0	0	0	0	0	0	0	0	465908	428650	851122	12191	3973	384647	654415	359902	9501	719	2006	1	0	83	7	85	1	1952	0	0	89	3	71	0	2	0	338	6	286	2	0	0	4	1	0	0	1	1	0	7	5805	1	5	3	0
210	4.7337	7.7954	4.1346	1.8012	0	0	0	0	0	0	0	0	0	0	0	0	0	0	0	0	468444	431219	851243	12020	3979	382170	656282	359377	9660	1192	2003	3	1	93	3	67	1	1977	2	0	80	6	73	1	3	1	286	4	310	2	0	1	0	1	0	0	1	0	0	4	5905	0	7	1	1
211	4.7337	7.7954	4.1346	1.8121	0	0	0	0	0	0	0	0	0	0	0	0	0	0	0	0	465518	430247	847930	12220	3976	383117	653896	359057	9577	1915	2008	2	1	106	7	85	1	1917	1	0	84	3	67	1	3	2	335	6	297	1	0	3	1	1	0	0	1	0	0	4	5833	1	10	0	0
212	4.7337	7.7954	4.1346	1.8229	0	0	0	0	0	0	0	0	0	0	0	0	0	0	0	0	466541	429760	847252	12175	3873	381916	653392	357567	9722	2899	1989	3	0	77	1	73	2	1923	2	1	67	1	66	0	2	3	324	10	294	0	0	2	2	2	0	0	1	1	0	2	5770	1	7	0	0
213	4.7337	7.7954	4.1346	1.8337	0	0	0	0	0	0	0	0	0	0	0	0	0	0	0	0	468812	430991	846262	11997	3919	381451	654614	356877	9667	4081	1942	0	0	78	4	84	0	1875	3	0	71	5	73	2	2	1	308	7	286	1	0	3	4	1	0	3	0	0	0	7	5729	1	5	1	0
214	4.7337	7.7954	4.1346	1.8444	0	0	0	0	0	0	0	0	0	0	0	0	0	0	0	0	469872	431797	848297	12164	3925	382008	655319	359190	9438	5094	1986	0	0	86	6	74	1	1881	1	0	70	3	73	0	2	1	325	10	255	1	0	0	1	1	0	0	0	2	0	1	5805	0	9	1	0
215	4.7337	7.7954	4.1346	1.8550	0	0	0	0	0	0	0	0	0	0	0	0	0	0	0	0	470462	431643	849097	12283	3882	383382	656495	358567	9537	6143	1997	0	1	104	3	62	0	2013	1	0	94	5	80	0	2	0	346	6	303	1	0	2	1	1	0	0	1	0	0	4	5765	0	3	1	0
216	4.7337	7.7954	4.1346	1.8656	0	0	0	0	0	0	0	0	0	0	0	0	0	0	0	0	470333	431843	851384	12174	3978	382745	656685	359232	9438	6835	1991	5	0	81	4	62	0	1858	2	1	82	2	72	0	3	0	317	9	282	2	0	3	1	1	0	0	0	0	0	7	5713	0	5	0	0
217	4.7337	7.7954	4.1346	1.8761	0	0	0	0	0	0	0	0	0	0	0	0	0	0	0	0	469992	432446	852264	12324	3861	385205	656206	360415	9532	7372	1905	1	0	84	2	72	1	1949	0	0	92	1	78	0	4	1	309	7	302	1	0	1	0	1	0	0	0	0	0	5	5846	2	3	1	1
218	4.7337	7.7954	4.1346	1.8866	0	0	0	0	0	0	0	0	0	0	0	0	0	0	0	0	469678	433998	851293	12028	4019	384036	656081	360347	9567	7384	1998	0	0	104	3	63	0	1929	1	0	72	6	80	1	1	1	290	6	309	1	0	2	2	0	0	0	0	0	0	6	5821	2	7	1	2
219	4.7337	7.7954	4.1346	1.8970	0	0	0	0	0	0	0	0	0	0	0	0	0	0	0	0	472312	432949	850809	12239	3897	382432	656860	358911	9571	7208	2061	3	0	90	2	69	0	1908	0	0	75	2	87	2	1	1	353	5	290	1	0	1	3	0	0	0	1	0	0	4	5876	0	7	3	0
220	4.7337	7.7954	4.1346	1.9074	0	0	0	0	0	0	0	0	0	0	0	0	0	0	0	0	468202	434238	851934	12100	3815	383181	655212	357811	9654	6537	2036	3	0	83	0	77	0	1933	1	0	65	7	80	2	1	1	331	6	323	1	0	0	0	1	0	0	0	0	0	4	5918	0	7	3	1
221	4.7337	7.7954	4.1346	1.9177	0	0	0	0	0	0	0	0	0	0	0	0	0	0	0	0	470792	434415	851437	11840	3861	382336	660603	358886	9308	5626	2036	2	0	79	4	68	1	1915	0	1	68	5	83	0	2	0	287	8	298	3	0	1	1	0	0	2	1	0	0	5	5841	0	5	3	1
222	4.7337	7.7954	4.1346	1.9279	0	0	0	0	0	0	0	0	0	0	0	0	0	0	0	0	470303	434970	853397	12087	3877	383360	659784	359514	9577	4609	2050	1	0	103	5	69	0	1944	2	0	70	2	77	1	3	1	316	8	299	1	0	0	0	1	0	0	0	0	0	6	5943	1	3	5	1
223	4.7337	7.7954	4.1346	1.9381	0	0	0	0	0	0	0	0	0	0	0	0	0	0	0	0	469847	433647	851207	12036	3829	383624	660476	358749	9505	3491	2027	0	0	87	8	86	0	1977	3	0	70	3	70	0	2	2	335	12	332	1	0	1	0	1	0	0	2	1	0	2	5784	0	8	0	0
224	4.7337	7.7954	4.1346	1.9482	0	0	0	0	0	0	0	0	0	0	0	0	0	0	0	0	467247	434248	852647	11856	3803	384327	656031	358868	9572	2423	2048	1	0	82	2	92	0	1964	2	1	82	1	75	0	1	1	332	9	306	1	0	1	0	1	0	0	1	0	0	6	5853	0	2	2	2
225	4.7337	7.7954	4.1346	1.9583	0	0	0	0	0	0	0	0	0	0	0	0	0	0	0	0	464229	429495	847903	11977	3800	381117	651276	356802	9520	1491	1962	1	0	86	2	71	0	1915	1	0	74	3	65	1	3	2	303	11	310	6	0	0	2	1	0	1	1	0	0	6	5763	0	9	1	0
226	4.7357	7.7966	4.1362	1.7000	0	0	0	0	0	0	0	0	0	0	0	0	0	0	0	0	469023	430280	847238	11856	3812	382502	650419	358748	9521	6876	1907	2	1	89	12	77	1	1876	1	0	61	3	64	1	2	1	327	10	342	2	0	2	0	1	0	0	1	2	0	4	5864	1	3	4	2
227	4.7357	7.7966	4.1362	1.7115	0	0	0	0	0	0	0	0	0	0	0	0	0	0	0	0	469692	430764	850403	12001	3842	383193	652437	358675	9464	5700	2071	0	0	90	5	77	0	1880	1	1	82	2	72	0	3	0	360	9	333	3	0	1	3	1	0	1	0	0	0	4	5803	1	3	1	2
228	4.7357	7.7966	4.1362	1.7230	0	0	0	0	0	0	0	0	0	0	0	0	0	0	0	0	468460	432026	848055	12008	3857	382569	653191	358156	9392	4840	2053	1	0	85	4	75	0	1951	0	0	66	2	69	1	6	0	341	10	286	2	0	1	3	3	0	0	0	0	0	8	5605	1	10	2	0
229	4.7357	7.7966	4.1362	1.7344	0	0	0	0	0	0	0	0	0	0	0	0	0	0	0	0	466965	430739	846450	12128	3897	380822	652280	358383	9692	3770	2051	2	0	89	4	87	0	1935	3	0	79	9	78	1	0	0	322	6	313	1	0	0	3	2	0	0	1	1	0	3	5787	0	6	2	0
230	4.7357	7.7966	4.1362	1.7457	0	0	0	0	0	0	0	0	0	0	0	0	0	0	0	0	468861	431704	853662	12037	4042	386268	653944	361520	9513	2731	2094	1	1	97	2	78	0	1929	2	0	81	3	83	0	4	1	326	4	294	0	0	2	1	2	0	1	0	0	0	8	5920	0	6	2	0
231	4.7357	7.7966	4.1362	1.7569	0	0	0	0	0	0	0	0	0	0	0	0	0	0	0	0	470443	433366	854378	12053	3805	384873	658505	360841	9460	1756	2015	1	0	103	5	82	3	1973	0	0	93	2	68	1	1	1	312	8	308	1	0	2	3	2	0	0	2	0	0	7	5896	0	3	1	0
232	4.7357	7.7966	4.1362	1.7681	0	0	0	0	0	0	0	0	0	0	0	0	0	0	0	0	470219	434046	853753	12120	3861	384418	659594	360876	9434	1124	2068	1	0	80	5	77	0	1980	0	0	79	2	74	1	3	0	292	8	305	3	0	1	2	1	0	0	1	0	0	3	5714	1	7	4	1
233	4.7357	7.7966	4.1362	1.7792	0	0	0	0	0	0	0	0	0	0	0	0	0	0	0	0	469136	431682	852945	12043	3895	384750	657789	359921	9439	668	2009	2	0	100	2	71	2	1930	1	0	84	3	63	0	2	0	319	6	319	0	0	0	1	0	0	0	0	1	0	5	5844	0	4	0	0
234	4.7357	7.7966	4.1362	1.7902	0	0	0	0	0	0	0	0	0	0	0	0	0	0	0	0	469501	432287	846772	12126	3806	383184	658816	357563	9478	615	2016	2	0	103	3	75	1	1973	2	0	85	3	76	2	0	2	344	10	325	1	0	2	1	0	0	0	0	0	0	3	5859	0	5	1	0
235	4.7357	7.7966	4.1362	1.8012	0	0	0	0	0	0	0	0	0	0	0	0	0	0	0	0	471182	432657	850257	12161	3915	381543	657860	357044	9350	951	2062	0	1	89	4	60	1	1926	1	2	70	5	73	1	3	1	316	6	304	1	0	2	6	2	0	0	1	0	0	4	5606	1	6	0	0
236	4.7357	7.7966	4.1362	1.8121	0	0	0	0	0	0	0	0	0	0	0	0	0	0	0	0	469491	431538	853234	12010	3830	383009	653839	359190	9495	1596	1984	3	0	90	1	86	1	1996	2	0	65	1	71	0	2	1	317	14	322	2	0	2	1	2	0	0	0	0	0	7	5813	0	6	1	0
237	4.7357	7.7966	4.1362	1.8229	0	0	0	0	0	0	0	0	0	0	0	0	0	0	0	0	468828	428847	846260	11994	3945	381890	653686	357673	9251	2521	1955	1	0	88	2	89	0	1948	1	0	82	5	71	2	5	2	327	8	315	2	0	1	3	1	0	1	3	1	1	3	5681	2	4	2	0
238	4.7357	7.7966	4.1362	1.8337	0	0	0	0	0	0	0	0	0	0	0	0	0	0	0	0	467195	429242	846147	12170	3920	380457	652737	357965	9440	3553	2033	0	1	91	3	89	0	1881	0	1	82	4	68	0	3	1	326	8	300	1	0	2	3	0	0	0	0	0	0	5	5730	0	6	2	0
239	4.7357	7.7966	4.1362	1.8444	0	0	0	0	0	0	0	0	0	0	0	0	0	0	0	0	468485	430379	846044	11871	3810	382391	652759	356703	9372	4748	1938	1	0	95	16	71	1	1904	1	0	93	6	76	2	0	0	340	12	316	0	0	0	3	0	0	0	0	0	0	2	5773	0	3	0	0
240	4.7357	7.7966	4.1362	1.8550	0	0	0	0	0	0	0	0	0	0	0	0	0	0	0	0	470318	434212	846511	12085	4020	380876	655187	357157	9615	5753	1983	0	0	99	4	72	0	1974	2	0	69	1	81	2	2	1	315	5	326	1	0	0	3	1	0	1	3	0	0	3	5630	0	6	3	1
241	4.7357	7.7966	4.1362	1.8656	0	0	0	0	0	0	0	0	0	0	0	0	0	0	0	0	467663	430957	847092	11968	3884	381148	654760	356961	9481	6487	2054	2	0	86	4	78	0	1867	1	0	82	4	64	2	5	1	305	8	279	1	0	0	1	2	0	0	1	0	0	1	5742	1	10	0	2
242	4.7357	7.7966	4.1362	1.8761	0	0	0	0	0	0	0	0	0	0	0	0	0	0	0	0	469970	433137	844099	12073	3815	379737	654171	356208	9619	7116	1932	1	0	96	7	88	1	1906	3	0	87	0	77	0	4	0	331	9	287	1	0	1	1	0	0	0	0	0	0	2	5742	0	5	3	0
243	4.7357	7.7966	4.1362	1.8866	0	0	0	0	0	0	0	0	0	0	0	0	0	0	0	0	468623	432761	848226	12124	3995	381664	653773	356420	9591	7373	2016	4	1	102	5	80	1	2018	3	0	85	2	68	1	0	1	278	7	294	3	0	1	2	2	0	0	1	0	0	3	5559	3	6	0	0
244	4.7357	7.7966	4.1362	1.8970	0	0	0	0	0	0	0	0	0	0	0	0	0	0	0	0	469511	433948	843650	12143	3837	378939	657766	355591	9623	7197	1957	1	1	94	4	68	3	1904	0	0	76	2	70	2	4	0	314	4	303	2	0	2	3	0	0	0	1	0	0	7	5735	1	4	4	0
245	4.7357	7.7966	4.1362	1.9074	0	0	0	0	0	0	0	0	0	0	0	0	0	0	0	0	469020	432097	845241	12242	3916	379605	653874	354795	9627	6683	2025	1	0	87	6	73	0	1999	1	0	77	1	68	1	0	0	313	7	313	2	0	2	2	1	0	1	0	0	0	3	5679	0	4	4	0
246	4.7357	7.7966	4.1362	1.9177	0	0	0	0	0	0	0	0	0	0	0	0	0	0	0	0	469889	434171	847247	12168	3915	380720	656599	357373	9416	6086	2001	3	0	83	5	79	0	1974	3	0	88	5	59	1	2	0	344	7	289	4	0	1	1	0	0	0	5	0	0	5	5740	0	4	3	1
247	4.7357	7.7966	4.1362	1.9279	0	0	0	0	0	0	0	0	0	0	0	0	0	0	0	0	469203	434222	851592	12038	3928	382706	659325	358799	9580	5004	2001	1	0	99	7	75	1	1917	0	0	72	0	58	1	2	2	326	4	326	4	0	3	1	0	0	0	0	0	0	6	5814	1	3	1	1
248	4.7357	7.7966	4.1362	1.9381	0	0	0	0	0	0	0	0	0	0	0	0	0	0	0	0	471204	434212	849394	12111	3850	382554	661844	358367	9488	3947	2067	1	0	85	2	70	0	1946	1	1	85	4	75	2	3	3	291	6	303	3	0	0	1	1	0	0	1	0	0	3	5668	2	9	1	1
249	4.7357	7.7966	4.1362	1.9482	0	0	0	0	0	0	0	0	0	0	0	0	0	0	0	0	468718	433695	851217	11958	3960	381408	656866	358531	9469	2820	2026	4	2	80	4	92	1	1930	1	1	95	3	72	1	6	1	304	5	320	0	0	2	2	4	0	0	0	1	0	3	5774	0	8	0	1
250	4.7357	7.7966	4.1362	1.9583	0	0	0	0	0	0	0	0	0	0	0	0	0	0	0	0	467078	431599	847468	12116	3871	382048	656245	356139	9515	1887	1995	0	1	78	6	74	0	1936	2	0	74	1	92	2	3	0	347	7	256	0	0	1	2	3	0	0	0	1	0	5	5866	3	6	0	1
