Setting	Current1	Current2	Current3	Current4	Current5	Current6	Current7	Current8	15	263	27	275	43	291	75	323	141	389	153	401	169	417	201	449	1	2	4	8	16	32	64	128	256	3	5	9	17	33	65	129	257	6	10	18	34	66	130	258	12	20	36	68	132	260	24	40	72	136	264	48	80	144	272	96	160	288	192	320	384
1	3.9772	7.9135	4.0416	1.7000	0	0	0	0	0	0	0	0	0	0	0	0	0	0	0	0	135658	2534	229828	6268	2538	3564	5280	5576	3912	2	3018	1	0	0	0	0	0	2	0	0	0	0	0	0	0	0	0	0	1	1	0	0	0	0	0	0	0	0	0	0	0	0	0	0	0
2	3.9772	7.9135	4.0416	1.7114	0	0	0	0	0	0	0	0	0	0	0	0	0	0	0	0	135773	2653	231056	6279	2520	3595	5280	5615	3880	2	4150	1	0	0	0	0	0	4	0	0	0	0	0	0	0	0	0	0	0	0	0	0	0	0	0	0	0	0	0	0	0	0	0	0	0
3	3.9772	7.9135	4.0416	1.7228	0	0	0	0	0	0	0	0	0	0	0	0	0	0	0	0	135440	2549	230572	6121	2473	3365	5209	5330	3773	1	5302	0	1	0	0	0	0	1	0	0	0	0	0	0	0	0	0	0	0	0	0	0	0	0	0	0	0	0	0	0	0	0	0	0	0
4	3.9772	7.9135	4.0416	1.7341	0	0	0	0	0	0	0	0	0	0	0	0	0	0	0	0	136526	2601	231879	6279	2490	3293	5111	5477	3713	0	6365	0	0	0	0	0	0	2	0	0	0	0	0	0	0	0	0	0	0	0	1	0	0	0	0	0	0	0	0	0	0	0	0	0	0
5	3.9772	7.9135	4.0416	1.7453	0	0	0	0	0	0	0	0	0	0	0	0	0	0	0	0	136105	2602	230572	6195	2462	3352	5044	5479	3764	0	6903	0	0	0	0	0	0	2	0	0	0	0	0	0	0	0	0	0	1	0	0	0	0	0	0	0	0	0	0	0	0	0	0	0	0
6	3.9772	7.9135	4.0416	1.7564	0	0	0	0	0	0	0	0	0	0	0	0	0	0	0	0	136129	2627	229470	6418	2527	3565	5177	5554	3997	0	7274	0	0	0	0	1	0	3	0	0	0	0	0	0	0	0	1	1	0	0	0	0	0	0	0	0	0	0	0	0	0	0	0	0	0
7	3.9772	7.9135	4.0416	1.7675	0	0	0	0	0	0	0	0	0	0	0	0	0	0	0	0	136482	2595	230030	6483	2416	3524	5202	5561	3828	0	7315	1	0	0	0	0	0	5	0	0	0	0	0	0	1	0	0	0	0	0	0	0	0	0	0	0	0	0	0	0	0	0	0	0	0
8	3.9772	7.9135	4.0416	1.7785	0	0	0	0	0	0	0	0	0	0	0	0	0	0	0	0	135826	2746	229563	6487	2599	3416	5453	5655	3914	1	6951	0	0	0	0	0	0	4	0	0	0	0	0	0	0	0	0	0	1	1	0	0	0	0	0	0	0	0	0	0	0	0	0	0	0
9	3.9772	7.9135	4.0416	1.7894	0	0	0	0	0	0	0	0	0	0	0	0	0	0	0	0	136257	2622	230519	6351	2487	3550	5087	5593	3783	0	6117	0	0	1	1	0	0	3	0	0	0	0	0	0	0	0	0	0	0	0	0	0	0	0	0	0	0	0	0	0	0	0	0	0	0
10	3.9772	7.9135	4.0416	1.8003	0	0	0	0	0	0	0	0	0	0	0	0	0	0	0	0	134200	2567	226854	6251	2536	3471	5298	5518	3963	1	5154	0	0	0	0	0	0	2	0	0	0	0	0	0	0	0	0	0	0	1	0	0	0	0	0	0	0	0	0	0	0	0	0	0	0
11	3.9772	7.9135	4.0416	1.8111	0	0	0	0	0	0	0	0	0	0	0	0	0	0	0	0	135029	2611	226234	6281	2561	3546	5282	5551	4033	3	4105	0	0	0	0	0	0	2	0	0	0	0	0	0	0	0	0	0	1	1	0	0	0	0	0	0	0	0	0	0	0	0	0	0	0
12	3.9772	7.9135	4.0416	1.8218	0	0	0	0	0	0	0	0	0	0	0	0	0	0	0	0	133861	2617	224550	6401	2526	3533	5215	5559	4027	2	2950	0	0	0	0	1	1	2	0	0	0	0	0	0	0	0	0	0	0	0	0	0	0	0	0	0	0	0	0	0	0	0	0	0	0
13	3.9772	7.9135	4.0416	1.8325	0	0	0	0	0	0	0	0	0	0	0	0	0	0	0	0	132866	2680	223966	6315	2534	3683	5244	5522	3961	0	1807	1	0	0	0	0	0	0	0	0	0	0	0	0	0	0	0	0	0	0	0	0	0	0	0	0	0	0	0	0	0	0	0	0	0
14	3.9772	7.9135	4.0416	1.8431	0	0	0	0	0	0	0	0	0	0	0	0	0	0	0	0	134057	2581	224691	6174	2514	3422	5311	5558	3926	1	1026	0	0	0	0	0	0	2	0	0	0	0	0	0	1	0	0	0	0	0	0	0	0	0	0	0	0	0	0	0	0	0	0	0	0
15	3.9772	7.9135	4.0416	1.8537	0	0	0	0	0	0	0	0	0	0	0	0	0	0	0	0	132889	2660	224932	6386	2512	3560	4962	5651	4008	0	461	0	0	0	0	0	0	0	0	0	0	0	0	0	0	0	0	0	0	0	0	0	0	0	0	0	0	0	0	0	0	0	0	0	0
16	3.9772	7.9135	4.0416	1.8642	0	0	0	0	0	0	0	0	0	0	0	0	0	0	0	0	133750	2545	225409	6411	2544	3489	5134	5674	3786	6	288	1	0	0	0	0	0	0	0	0	0	0	0	0	0	0	0	0	0	0	0	0	0	0	0	0	0	0	0	0	0	0	0	0	0
17	3.9772	7.9135	4.0416	1.8746	0	0	0	0	0	0	0	0	0	0	0	0	0	0	0	0	133946	2707	226739	6352	2481	3564	5226	5613	3964	2	424	0	0	0	1	0	0	0	0	0	0	0	1	0	0	0	0	0	1	0	0	0	0	0	0	0	0	0	0	0	0	0	0	0	0
18	3.9772	7.9135	4.0416	1.8850	0	0	0	0	0	0	0	0	0	0	0	0	0	0	0	0	133808	2597	226123	6388	2442	3664	5196	5464	3958	1	978	2	0	0	0	0	0	0	0	0	0	0	0	0	1	0	0	0	0	0	0	0	0	0	0	0	0	0	0	0	0	0	0	0	0
19	3.9772	7.9135	4.0416	1.8953	0	0	0	0	0	0	0	0	0	0	0	0	0	0	0	0	134618	2699	228201	6285	2509	3582	5169	5562	3958	0	1899	0	0	0	0	0	0	0	0	0	0	0	0	0	0	0	0	0	0	0	0	0	0	0	0	0	0	0	0	0	0	0	0	0	0
20	3.9772	7.9135	4.0416	1.9056	0	0	0	0	0	0	0	0	0	0	0	0	0	0	0	0	134868	2672	227543	6344	2557	3398	5167	5539	3826	0	2847	0	0	0	0	0	0	0	0	0	0	0	0	0	1	1	0	1	1	0	0	0	0	0	0	0	0	0	0	0	0	0	0	0	0
21	3.9772	7.9135	4.0416	1.9158	0	0	0	0	0	0	0	0	0	0	0	0	0	0	0	0	134733	2447	227201	6230	2560	3467	5214	5632	3887	2	3990	0	0	0	0	0	0	1	0	0	0	0	0	0	0	0	0	0	0	0	0	0	0	0	0	0	0	0	0	0	0	0	0	0	0
22	3.9772	7.9135	4.0416	1.9259	0	0	0	0	0	0	0	0	0	0	0	0	0	0	0	0	135562	2552	228733	6392	2340	3319	4949	5409	3838	0	5243	0	0	0	0	0	0	2	0	0	0	0	0	0	0	1	0	2	0	0	0	0	0	0	0	0	0	0	0	0	0	1	0	0	0
23	3.9772	7.9135	4.0416	1.9360	0	0	0	0	0	0	0	0	0	0	0	0	0	0	0	0	136095	2462	229891	6171	2554	3463	5104	5568	3949	1	6212	1	0	0	1	0	1	1	0	0	0	0	0	0	0	0	0	0	0	0	0	0	0	0	0	0	0	0	0	0	0	0	0	0	0
24	3.9772	7.9135	4.0416	1.9461	0	0	0	0	0	0	0	0	0	0	0	0	0	0	0	0	137413	2568	230782	6299	2403	3434	5091	5516	3988	0	7012	1	0	0	0	0	0	3	0	0	0	0	0	0	0	1	0	0	0	0	0	0	0	0	0	0	0	0	0	0	0	0	0	0	0
25	3.9772	7.9135	4.0416	1.9561	0	0	0	0	0	0	0	0	0	0	0	0	0	0	0	0	135878	2610	229468	6264	2373	3487	4986	5584	3769	0	7339	0	0	0	1	0	0	5	0	0	0	0	0	0	1	0	1	0	1	0	0	0	0	0	0	0	0	0	0	0	0	0	0	0	0
26	3.9796	7.9147	4.0433	1.7000	0	0	0	0	0	0	0	0	0	0	0	0	0	0	0	0	132790	2518	224239	6175	2509	3328	4999	5468	3822	1	2489	0	1	0	0	0	0	2	0	0	0	0	0	0	0	0	0	0	0	0	0	0	0	0	0	0	0	0	0	0	0	0	0	0	0
27	3.9796	7.9147	4.0433	1.7114	0	0	0	0	0	0	0	0	0	0	0	0	0	0	0	0	134077	2342	226662	5660	2229	2786	4566	4622	3465	4	3708	0	0	0	0	1	0	3	0	0	0	0	0	0	0	0	0	1	1	0	0	0	0	0	0	0	0	0	0	0	0	0	0	0	0
28	3.9796	7.9147	4.0433	1.7228	0	0	0	0	0	0	0	0	0	0	0	0	0	0	0	0	133769	2401	227353	6055	2202	2847	4617	4685	3405	0	4775	0	1	0	1	0	0	4	0	0	0	0	0	0	0	0	1	0	0	1	0	0	0	0	0	0	0	0	0	0	0	0	0	0	0
29	3.9796	7.9147	4.0433	1.7341	0	0	0	0	0	0	0	0	0	0	0	0	0	0	0	0	135015	2317	228619	6034	2265	2778	4431	4889	3421	0	5956	1	0	1	0	0	0	2	0	0	0	0	0	0	1	0	0	0	0	0	0	0	0	0	0	0	0	0	0	0	0	0	0	0	0
30	3.9796	7.9147	4.0433	1.7453	0	0	0	0	0	0	0	0	0	0	0	0	0	0	0	0	135503	2375	229357	5962	2297	2992	4671	5023	3500	1	6820	0	0	0	0	0	0	1	0	0	0	0	0	0	0	0	0	0	0	0	0	0	0	0	0	0	0	0	0	0	0	0	0	0	0
31	3.9796	7.9147	4.0433	1.7564	0	0	0	0	0	0	0	0	0	0	0	0	0	0	0	0	136079	2415	230259	6118	2244	3004	4592	4908	3423	0	7347	0	1	0	0	0	0	0	0	0	0	0	0	0	0	0	0	0	1	1	0	0	0	0	0	0	0	0	0	0	0	0	0	0	0
32	3.9796	7.9147	4.0433	1.7675	0	0	0	0	0	0	0	0	0	0	0	0	0	0	0	0	137134	2531	230700	6217	2392	3302	4945	5418	3750	0	7436	0	0	0	0	0	0	2	0	0	0	0	0	0	0	0	1	0	0	0	0	0	0	0	0	0	0	0	0	1	0	0	0	0	0
33	3.9796	7.9147	4.0433	1.7785	0	0	0	0	0	0	0	0	0	0	0	0	0	0	0	0	136776	2452	230588	6145	2420	3242	5023	5598	3606	0	7322	0	0	0	0	0	0	4	0	0	0	0	0	0	0	0	0	1	0	0	0	0	0	0	0	0	0	0	0	0	0	0	0	0	0
34	3.9796	7.9147	4.0433	1.7894	0	0	0	0	0	0	0	0	0	0	0	0	0	0	0	0	136069	2409	229539	6037	2268	3021	4556	5073	3553	0	6654	0	0	0	0	0	0	2	0	0	0	0	0	0	0	0	0	0	0	0	0	0	0	0	0	0	0	0	0	0	0	0	0	0	0
35	3.9796	7.9147	4.0433	1.8003	0	0	0	0	0	0	0	0	0	0	0	0	0	0	0	0	135780	2383	227506	5976	2218	2834	4577	5015	3528	1	5766	0	0	0	0	1	0	3	0	0	0	0	0	0	0	0	0	0	0	0	0	0	0	0	0	0	0	0	0	0	0	0	0	0	0
36	3.9796	7.9147	4.0433	1.8111	0	0	0	0	0	0	0	0	0	0	0	0	0	0	0	0	135300	2353	226932	6121	2351	2947	4812	5182	3778	1	4637	0	0	0	0	0	0	0	0	0	0	0	0	0	1	0	0	0	0	0	0	0	0	0	0	0	0	0	0	0	0	0	0	0	0
37	3.9796	7.9147	4.0433	1.8218	0	0	0	0	0	0	0	0	0	0	0	0	0	0	0	0	135567	2465	226503	6188	2318	3060	4724	5248	3627	1	3487	0	0	0	0	0	0	1	0	0	0	0	0	0	0	0	1	0	0	0	0	0	0	0	0	0	0	0	0	0	0	0	0	0	0
38	3.9796	7.9147	4.0433	1.8325	0	0	0	0	0	0	0	0	0	0	0	0	0	0	0	0	135259	2609	226780	6205	2484	3422	4919	5316	3710	1	2283	0	0	0	1	1	0	2	0	0	0	0	0	0	0	0	0	1	0	1	0	0	0	0	0	0	0	0	0	0	0	0	0	0	0
39	3.9796	7.9147	4.0433	1.8431	0	0	0	0	0	0	0	0	0	0	0	0	0	0	0	0	134424	2506	226575	6300	2367	3286	4871	5512	3827	3	1408	0	1	0	0	0	0	0	0	0	0	0	0	0	0	0	0	0	0	0	0	0	0	0	0	0	0	0	0	0	0	0	0	0	0
40	3.9796	7.9147	4.0433	1.8537	0	0	0	0	0	0	0	0	0	0	0	0	0	0	0	0	133586	2555	224498	6379	2438	3306	4970	5506	3638	3	621	0	0	0	0	0	0	0	0	0	0	0	0	0	0	0	0	0	0	0	0	0	0	0	0	0	0	0	0	0	0	0	0	0	0
41	3.9796	7.9147	4.0433	1.8642	0	0	0	0	0	0	0	0	0	0	0	0	0	0	0	0	133268	2594	224444	6194	2555	3352	4915	5500	3826	1	316	1	0	0	0	0	0	0	0	0	0	0	0	0	0	0	0	0	0	0	0	0	0	0	0	0	0	0	0	0	0	0	0	0	0
42	3.9796	7.9147	4.0433	1.8746	0	0	0	0	0	0	0	0	0	0	0	0	0	0	0	0	134220	2559	224224	6184	2373	3206	5030	5462	3808	1	292	0	0	0	1	0	0	1	0	0	0	0	0	0	0	0	0	0	2	0	0	0	0	0	0	0	0	0	0	0	0	0	0	0	0
43	3.9796	7.9147	4.0433	1.8850	0	0	0	0	0	0	0	0	0	0	0	0	0	0	0	0	133521	2427	224668	6363	2354	3239	4981	5436	3866	3	718	0	0	0	0	0	0	1	1	0	0	0	0	0	1	0	0	0	0	0	0	0	0	0	0	0	0	0	0	0	0	0	0	0	0
44	3.9796	7.9147	4.0433	1.8953	0	0	0	0	0	0	0	0	0	0	0	0	0	0	0	0	133338	2503	224579	6202	2469	3246	5094	5443	3841	2	1469	0	0	0	0	0	0	1	0	0	0	0	0	0	1	0	1	0	0	0	0	0	0	0	0	0	0	0	0	0	0	0	0	0	0
45	3.9796	7.9147	4.0433	1.9056	0	0	0	0	0	0	0	0	0	0	0	0	0	0	0	0	133796	2524	227250	6088	2408	3370	4874	5244	3916	3	2447	0	0	0	0	0	0	1	0	0	0	0	0	0	1	1	0	0	0	0	0	0	0	0	0	0	0	0	0	0	0	0	0	0	0
46	3.9796	7.9147	4.0433	1.9158	0	0	0	0	0	0	0	0	0	0	0	0	0	0	0	0	134406	2523	228089	6232	2419	3338	4974	5408	3831	1	3509	2	0	0	0	1	0	2	0	0	0	0	0	0	0	0	0	0	0	0	0	0	0	0	0	0	0	0	0	0	0	0	0	0	0
47	3.9796	7.9147	4.0433	1.9259	0	0	0	0	0	0	0	0	0	0	0	0	0	0	0	0	134604	2495	227688	6313	2477	3440	4933	5375	3705	0	4738	0	0	0	0	0	1	1	0	0	0	0	0	0	0	0	0	0	0	1	0	0	0	0	0	0	0	0	0	0	0	0	0	0	0
48	3.9796	7.9147	4.0433	1.9360	0	0	0	0	0	0	0	0	0	0	0	0	0	0	0	0	134869	2526	228343	6312	2424	3292	5039	5565	3819	0	5745	0	0	0	0	0	0	2	0	0	0	0	0	0	1	0	1	1	1	1	0	0	0	0	0	0	0	0	0	0	0	0	0	0	0
49	3.9796	7.9147	4.0433	1.9461	0	0	0	0	0	0	0	0	0	0	0	0	0	0	0	0	135564	2398	228788	6319	2442	3387	4997	5484	3783	0	6711	0	0	1	0	0	0	1	0	0	0	0	0	0	0	0	1	0	1	1	0	0	0	0	0	0	0	0	0	0	0	0	0	0	0
50	3.9796	7.9147	4.0433	1.9561	0	0	0	0	0	0	0	0	0	0	0	0	0	0	0	0	136384	2539	229812	6165	2409	3270	4981	5140	3772	0	7160	0	0	1	0	0	0	3	0	0	0	0	0	0	0	0	0	0	1	0	0	0	0	0	0	0	0	0	0	0	0	0	0	0	0
51	3.9820	7.9159	4.0449	1.7000	0	0	0	0	0	0	0	0	0	0	0	0	0	0	0	0	133301	2439	225600	6246	2319	3298	4737	5314	3821	1	2118	0	0	0	0	0	0	0	0	0	0	0	0	0	0	0	0	0	4	0	0	0	0	0	0	0	0	0	0	0	0	0	0	0	0
52	3.9820	7.9159	4.0449	1.7114	0	0	0	0	0	0	0	0	0	0	0	0	0	0	0	0	134220	2574	227378	6234	2403	3226	4851	5463	3877	0	3182	0	0	0	0	0	0	1	0	0	0	0	0	0	0	0	0	1	1	0	0	0	0	0	0	0	0	0	0	0	0	0	0	0	0
53	3.9820	7.9159	4.0449	1.7228	0	0	0	0	0	0	0	0	0	0	0	0	0	0	0	0	133967	2431	227038	6202	2388	3291	5087	5497	3676	0	4265	0	0	0	0	0	0	0	0	0	0	0	0	0	0	0	0	0	0	1	0	0	0	0	0	0	0	0	0	0	0	0	0	0	0
54	3.9820	7.9159	4.0449	1.7341	0	0	0	0	0	0	0	0	0	0	0	0	0	0	0	0	134943	2546	227946	6066	2335	3284	4860	5528	3649	0	5462	0	0	0	1	0	0	0	0	0	0	0	0	0	1	0	0	0	1	0	0	0	0	0	0	0	0	0	0	0	0	0	0	0	0
55	3.9820	7.9159	4.0449	1.7453	0	0	0	0	0	0	0	0	0	0	0	0	0	0	0	0	135537	2434	229007	6229	2451	3364	4813	5412	3689	0	6509	0	0	0	0	0	0	3	0	0	0	0	0	0	1	0	0	1	1	0	0	0	0	0	0	0	0	0	0	0	0	0	0	0	0
56	3.9820	7.9159	4.0449	1.7564	0	0	0	0	0	0	0	0	0	0	0	0	0	0	0	0	135149	2396	228839	6314	2448	3304	4785	5307	3714	0	6843	0	0	0	0	0	0	3	0	0	0	0	0	0	0	0	0	0	0	0	0	0	0	0	0	0	0	0	0	0	0	0	0	0	0
57	3.9820	7.9159	4.0449	1.7675	0	0	0	0	0	0	0	0	0	0	0	0	0	0	0	0	134696	2540	228329	6307	2401	3404	4882	5405	3704	0	7234	0	0	0	1	0	1	4	0	0	0	0	0	0	1	0	0	0	0	0	0	0	1	0	0	0	0	0	0	0	0	0	0	0	0
58	3.9820	7.9159	4.0449	1.7785	0	0	0	0	0	0	0	0	0	0	0	0	0	0	0	0	135606	2461	226410	6128	2404	3241	4929	5461	3823	0	7218	0	0	0	0	0	0	2	0	0	0	0	0	0	0	0	0	0	0	0	0	0	0	0	0	0	0	0	0	0	0	0	0	0	0
59	3.9820	7.9159	4.0449	1.7894	0	0	0	0	0	0	0	0	0	0	0	0	0	0	0	0	135654	2537	228913	6358	2336	3254	4903	5444	3611	0	6802	0	0	0	0	0	0	1	0	0	0	0	0	0	0	0	1	0	0	0	0	0	0	0	0	0	0	0	0	0	0	0	0	0	0
60	3.9820	7.9159	4.0449	1.8003	0	0	0	0	0	0	0	0	0	0	0	0	0	0	0	0	135287	2426	226636	6372	2376	3327	4935	5353	3799	1	6001	0	0	0	0	1	0	4	0	0	0	0	0	0	0	0	1	2	0	1	0	0	0	0	0	0	0	0	0	0	0	0	0	0	0
61	3.9820	7.9159	4.0449	1.8111	0	0	0	0	0	0	0	0	0	0	0	0	0	0	0	0	134674	2512	226894	6182	2418	3182	4976	5313	3724	1	4995	0	0	0	0	0	0	1	0	0	0	0	0	0	1	0	1	0	1	0	0	0	0	0	0	0	0	0	0	0	0	0	0	0	0
62	3.9820	7.9159	4.0449	1.8218	0	0	0	0	0	0	0	0	0	0	0	0	0	0	0	0	134042	2496	227017	6300	2492	3321	4964	5535	3993	1	3916	0	0	0	0	0	0	1	0	0	0	0	0	0	0	0	0	1	0	0	0	0	0	0	0	0	0	0	0	0	0	0	0	0	0
63	3.9820	7.9159	4.0449	1.8325	0	0	0	0	0	0	0	0	0	0	0	0	0	0	0	0	134272	2425	225026	6374	2406	3401	4864	5421	3723	0	2679	1	0	0	0	0	1	1	0	0	0	0	0	0	0	0	0	1	0	1	0	0	0	0	0	0	0	0	0	0	0	0	0	0	0
64	3.9820	7.9159	4.0449	1.8431	0	0	0	0	0	0	0	0	0	0	0	0	0	0	0	0	133130	2543	223329	6321	2463	3313	4733	5640	3724	1	1615	1	0	0	0	0	0	1	0	0	0	0	0	0	0	0	0	1	1	0	0	0	0	0	0	0	0	0	0	0	0	0	0	0	0
65	3.9820	7.9159	4.0449	1.8537	0	0	0	0	0	0	0	0	0	0	0	0	0	0	0	0	132698	2530	223367	6477	2408	3315	4945	5509	3713	0	811	0	0	0	1	0	1	0	0	0	0	0	0	0	1	0	1	0	0	0	0	0	0	0	0	0	0	0	0	0	0	0	0	0	0
66	3.9820	7.9159	4.0449	1.8642	0	0	0	0	0	0	0	0	0	0	0	0	0	0	0	0	132988	2499	222995	6163	2402	3367	5071	5421	3840	1	382	0	0	0	0	0	0	1	0	0	0	0	0	0	0	0	0	1	0	0	0	0	0	0	0	0	0	0	0	0	0	0	0	0	0
67	3.9820	7.9159	4.0449	1.8746	0	0	0	0	0	0	0	0	0	0	0	0	0	0	0	0	133475	2536	224894	6447	2406	3429	5076	5503	3814	2	244	0	0	1	0	0	0	0	0	0	0	0	0	0	0	0	0	0	1	0	0	0	0	0	0	0	0	0	0	0	0	0	0	0	0
68	3.9820	7.9159	4.0449	1.8850	0	0	0	0	0	0	0	0	0	0	0	0	0	0	0	0	132622	2479	224891	6235	2468	3291	4913	5368	3819	4	519	1	0	0	0	0	0	0	0	0	0	0	0	0	0	0	0	0	0	0	0	0	0	0	0	0	0	0	0	0	0	0	0	0	0
69	3.9820	7.9159	4.0449	1.8953	0	0	0	0	0	0	0	0	0	0	0	0	0	0	0	0	132220	2463	224540	6364	2457	3301	4968	5477	3843	1	1164	0	0	0	0	0	0	0	0	0	0	0	0	0	0	0	0	0	0	0	0	0	0	0	0	0	0	0	0	0	0	0	0	0	0
70	3.9820	7.9159	4.0449	1.9056	0	0	0	0	0	0	0	0	0	0	0	0	0	0	0	0	132529	2611	224300	6169	2420	3423	4951	5522	3898	0	2114	0	0	0	1	0	0	0	0	0	0	0	0	0	0	0	0	0	0	0	0	0	0	0	0	0	0	0	0	0	0	0	1	0	0
71	3.9820	7.9159	4.0449	1.9158	0	0	0	0	0	0	0	0	0	0	0	0	0	0	0	0	132680	2631	225548	6336	2307	3367	5123	5482	3661	1	3219	0	0	0	0	0	0	2	0	0	0	0	0	0	0	0	0	1	0	0	0	0	0	0	0	0	0	0	0	0	0	0	0	0	0
72	3.9820	7.9159	4.0449	1.9259	0	0	0	0	0	0	0	0	0	0	0	0	0	0	0	0	135057	2555	227600	6243	2512	3408	5025	5619	3921	1	4425	0	0	1	0	0	0	0	0	0	0	0	0	0	1	0	0	0	0	0	0	0	0	0	0	0	0	0	0	0	0	0	0	0	0
73	3.9820	7.9159	4.0449	1.9360	0	0	0	0	0	0	0	0	0	0	0	0	0	0	0	0	136036	2487	229661	6385	2481	3314	5114	5496	3813	0	5515	1	0	0	0	1	0	0	0	0	0	0	0	0	0	0	0	0	1	0	0	0	0	0	0	0	0	0	0	0	0	0	0	0	0
74	3.9820	7.9159	4.0449	1.9461	0	0	0	0	0	0	0	0	0	0	0	0	0	0	0	0	135087	2600	228735	6412	2433	3365	5021	5407	3816	1	6468	1	0	0	0	0	0	3	0	0	0	0	0	0	0	0	0	0	0	1	0	0	0	0	0	0	0	0	0	0	0	0	0	0	0
75	3.9820	7.9159	4.0449	1.9561	0	0	0	0	0	0	0	0	0	0	0	0	0	0	0	0	135683	2569	228838	6371	2481	3361	4958	5517	3871	0	7101	0	1	0	1	0	0	1	0	0	0	0	0	0	0	0	0	0	0	0	0	0	0	0	0	0	0	0	0	0	0	0	0	0	0
76	3.9843	7.9171	4.0466	1.7000	0	0	0	0	0	0	0	0	0	0	0	0	0	0	0	0	133574	2451	225759	6280	2509	3309	4958	5412	3884	3	1812	0	0	0	0	0	0	1	0	0	0	0	0	0	0	0	0	1	0	1	0	0	0	0	0	0	0	0	0	1	0	0	0	0	0
77	3.9843	7.9171	4.0466	1.7114	0	0	0	0	0	0	0	0	0	0	0	0	0	0	0	0	133251	2583	225530	6417	2389	3374	5040	5504	3766	1	2764	1	0	0	0	0	1	2	0	0	0	0	0	0	1	1	0	0	0	0	0	0	0	0	0	0	0	0	0	0	0	0	0	0	0
78	3.9843	7.9171	4.0466	1.7228	0	0	0	0	0	0	0	0	0	0	0	0	0	0	0	0	134331	2589	227089	6333	2321	3400	5097	5500	3810	0	4001	0	0	0	0	0	0	1	0	0	0	0	0	0	0	0	0	0	0	1	0	0	0	0	0	0	0	0	0	0	0	0	0	0	0
79	3.9843	7.9171	4.0466	1.7341	0	0	0	0	0	0	0	0	0	0	0	0	0	0	0	0	134047	2586	227219	6318	2450	3370	5057	5520	3917	1	5100	0	0	0	0	0	0	0	0	0	0	0	0	0	0	0	0	0	0	0	0	0	0	0	0	0	0	0	0	0	0	0	0	0	0
80	3.9843	7.9171	4.0466	1.7453	0	0	0	0	0	0	0	0	0	0	0	0	0	0	0	0	134715	2600	228835	6303	2465	3520	5049	5584	3891	2	6197	0	0	0	0	0	0	2	0	0	0	0	0	0	0	0	0	0	0	0	0	0	0	0	0	0	0	0	0	0	0	0	0	0	0
81	3.9843	7.9171	4.0466	1.7564	0	0	0	0	0	0	0	0	0	0	0	0	0	0	0	0	132876	2475	227498	6462	2453	3451	4910	5714	3868	1	6823	0	0	0	0	0	0	3	0	0	0	0	0	0	2	0	0	0	0	0	0	0	0	0	0	0	0	0	0	0	0	0	0	0	0
82	3.9843	7.9171	4.0466	1.7675	0	0	0	0	0	0	0	0	0	0	0	0	0	0	0	0	133864	2544	227025	6271	2449	3368	4981	5492	3710	0	7190	1	0	0	0	0	1	0	0	0	0	0	0	0	1	0	0	1	0	1	0	0	0	0	0	0	0	0	0	0	0	0	0	0	0
83	3.9843	7.9171	4.0466	1.7785	0	0	0	0	0	0	0	0	0	0	0	0	0	0	0	0	134108	2553	227115	6405	2390	3340	4941	5468	3872	0	7304	0	0	0	0	0	0	4	0	0	0	0	0	0	0	1	0	0	0	0	0	0	0	0	0	0	0	0	0	0	0	0	0	0	0
84	3.9843	7.9171	4.0466	1.7894	0	0	0	0	0	0	0	0	0	0	0	0	0	0	0	0	134904	2455	226063	6314	2402	3405	5021	5306	3913	0	7009	0	0	0	0	1	0	4	0	0	0	0	0	0	0	0	0	1	1	0	0	0	0	0	0	0	0	0	0	0	1	0	0	0	0
85	3.9843	7.9171	4.0466	1.8003	0	0	0	0	0	0	0	0	0	0	0	0	0	0	0	0	134022	2522	224801	6355	2332	3413	5011	5514	3846	0	6259	0	0	0	0	0	0	2	0	0	0	0	0	0	0	0	1	0	1	0	0	0	0	0	0	0	0	0	0	0	0	0	0	0	0
86	3.9843	7.9171	4.0466	1.8111	0	0	0	0	0	0	0	0	0	0	0	0	0	0	0	0	133532	2457	224508	6401	2416	3420	4964	5439	3748	1	5238	0	0	2	0	0	0	1	0	0	0	0	0	0	0	1	0	0	1	1	0	0	0	0	0	0	0	0	0	0	0	0	0	0	0
87	3.9843	7.9171	4.0466	1.8218	0	0	0	0	0	0	0	0	0	0	0	0	0	0	0	0	133417	2562	224808	6178	2482	3299	5093	5493	3826	1	4192	0	0	0	1	0	0	2	0	0	0	0	0	0	1	0	0	1	0	1	0	0	0	0	0	0	0	0	0	0	0	0	0	0	0
88	3.9843	7.9171	4.0466	1.8325	0	0	0	0	0	0	0	0	0	0	0	0	0	0	0	0	132148	2512	221401	6304	2434	3305	5085	5423	3951	0	2995	0	0	0	0	0	0	1	0	0	0	0	0	0	0	0	0	0	0	0	0	0	0	0	0	0	0	0	0	0	0	0	0	0	0
89	3.9843	7.9171	4.0466	1.8431	0	0	0	0	0	0	0	0	0	0	0	0	0	0	0	0	132941	2540	223195	6419	2396	3331	5122	5456	3762	0	1929	0	0	0	0	0	0	1	0	0	0	0	0	0	0	0	1	0	4	0	0	0	0	0	0	0	0	0	0	0	0	0	0	0	0
90	3.9843	7.9171	4.0466	1.8537	0	0	0	0	0	0	0	0	0	0	0	0	0	0	0	0	132397	2482	221817	6264	2400	3276	5089	5592	3819	5	1007	0	0	0	1	0	0	2	0	0	0	0	0	0	0	0	0	0	1	0	0	0	0	0	0	0	0	0	0	0	0	0	0	0	0
91	3.9843	7.9171	4.0466	1.8642	0	0	0	0	0	0	0	0	0	0	0	0	0	0	0	0	131618	2471	221439	6213	2410	3244	4987	5351	3768	2	461	0	0	0	0	0	0	1	0	0	0	0	0	0	0	0	0	1	1	0	0	0	0	0	0	0	0	0	0	0	0	0	0	0	0
92	3.9843	7.9171	4.0466	1.8746	0	0	0	0	0	0	0	0	0	0	0	0	0	0	0	0	131559	2567	221147	6133	2386	3299	4889	5328	3791	1	211	0	0	0	0	0	0	0	0	0	0	0	0	0	1	0	0	0	1	0	0	0	0	0	0	0	0	0	0	0	0	0	0	0	0
93	3.9843	7.9171	4.0466	1.8850	0	0	0	0	0	0	0	0	0	0	0	0	0	0	0	0	131270	2486	221667	6364	2348	3237	5028	5555	3700	0	402	0	0	0	0	1	0	0	0	0	0	0	0	0	0	0	0	0	1	0	0	0	0	0	0	0	0	0	0	0	0	0	0	0	0
94	3.9843	7.9171	4.0466	1.8953	0	0	0	0	0	0	0	0	0	0	0	0	0	0	0	0	132150	2447	222863	6339	2367	3295	4857	5410	3776	0	931	0	0	0	1	0	1	0	0	0	0	0	0	0	0	0	0	0	0	0	0	0	0	0	0	0	0	0	0	0	0	0	0	0	0
95	3.9843	7.9171	4.0466	1.9056	0	0	0	0	0	0	0	0	0	0	0	0	0	0	0	0	133281	2406	224043	6080	2326	3322	4838	5309	3695	3	1784	0	0	0	0	0	0	1	0	0	0	0	0	0	0	0	0	0	0	0	0	0	0	0	0	0	0	0	0	0	0	0	0	0	0
96	3.9843	7.9171	4.0466	1.9158	0	0	0	0	0	0	0	0	0	0	0	0	0	0	0	0	132655	2471	224539	6174	2400	3304	4839	5367	3686	2	2930	0	0	0	0	0	0	1	0	0	0	0	0	0	0	0	0	0	0	0	0	0	0	0	0	0	0	0	0	0	0	0	0	0	0
97	3.9843	7.9171	4.0466	1.9259	0	0	0	0	0	0	0	0	0	0	0	0	0	0	0	0	132886	2487	224649	6330	2412	3236	4828	5498	3606	0	3977	0	1	0	0	0	0	2	0	0	0	0	0	0	0	0	0	0	0	0	0	0	0	0	0	0	0	0	0	0	0	0	0	0	0
98	3.9843	7.9171	4.0466	1.9360	0	0	0	0	0	0	0	0	0	0	0	0	0	0	0	0	133062	2448	223613	6162	2474	3301	4946	5500	3848	0	5146	0	0	0	0	0	0	0	0	0	0	0	0	0	0	0	0	0	0	0	0	0	0	0	0	0	0	0	0	0	0	0	0	0	0
99	3.9843	7.9171	4.0466	1.9461	0	0	0	0	0	0	0	0	0	0	0	0	0	0	0	0	133333	2433	224290	6275	2420	3311	5068	5479	3681	0	6049	0	0	0	0	0	0	2	0	0	0	0	0	0	1	0	0	0	1	0	0	0	0	0	0	0	0	0	0	0	0	0	0	0	0
100	3.9843	7.9171	4.0466	1.9561	0	0	0	0	0	0	0	0	0	0	0	0	0	0	0	0	132991	2552	224031	6287	2370	3203	4894	5489	3749	0	6700	0	0	0	1	0	1	4	0	0	0	0	0	0	0	0	1	1	1	0	0	0	0	0	0	0	0	0	0	0	0	0	0	0	0
101	3.9867	7.9183	4.0482	1.7000	0	0	0	0	0	0	0	0	0	0	0	0	0	0	0	0	130917	2407	220936	6267	2298	3246	4909	5134	3618	1	1474	0	0	0	0	0	0	0	0	0	0	0	0	0	1	0	0	0	0	1	0	0	0	0	0	0	0	0	0	0	0	0	0	0	0
102	3.9867	7.9183	4.0482	1.7114	0	0	0	0	0	0	0	0	0	0	0	0	0	0	0	0	131493	2433	222947	6175	2347	3189	4833	5326	3736	1	2389	0	0	0	0	0	0	1	0	0	0	0	0	0	0	1	0	0	1	1	0	0	0	0	0	0	0	0	0	0	0	0	0	0	0
103	3.9867	7.9183	4.0482	1.7228	0	0	0	0	0	0	0	0	0	0	0	0	0	0	0	0	131105	2484	222447	6180	2416	3333	4871	5468	3736	0	3485	1	0	0	0	0	0	2	0	0	0	0	0	0	1	0	0	0	0	0	0	0	0	0	0	0	0	0	0	0	0	0	0	0	0
104	3.9867	7.9183	4.0482	1.7341	0	0	0	0	0	0	0	0	0	0	0	0	0	0	0	0	131652	2524	223325	6386	2478	3256	4872	5353	3660	2	4716	0	0	0	0	0	0	4	0	0	0	0	0	0	0	0	0	0	0	0	0	0	1	0	0	0	0	0	0	0	0	0	0	0	0
105	3.9867	7.9183	4.0482	1.7453	0	0	0	0	0	0	0	0	0	0	0	0	0	0	0	0	132510	2516	223625	6177	2400	3194	4966	5417	3863	2	5758	1	0	0	2	0	0	2	1	0	0	0	0	0	0	0	0	0	0	0	0	0	0	0	0	0	0	0	0	0	0	0	0	0	0
106	3.9867	7.9183	4.0482	1.7564	0	0	0	0	0	0	0	0	0	0	0	0	0	0	0	0	132290	2483	224534	6257	2394	3140	4847	5700	3822	0	6549	0	0	0	0	0	1	2	0	0	0	0	0	0	0	0	0	0	0	0	0	0	0	0	0	0	0	0	0	0	0	0	0	0	0
107	3.9867	7.9183	4.0482	1.7675	0	0	0	0	0	0	0	0	0	0	0	0	0	0	0	0	133223	2488	225685	6206	2503	3292	4908	5282	3742	1	7043	2	0	2	1	0	0	1	0	0	0	0	0	0	0	0	0	0	0	1	0	0	0	0	0	0	0	0	0	0	0	0	0	0	0
108	3.9867	7.9183	4.0482	1.7785	0	0	0	0	0	0	0	0	0	0	0	0	0	0	0	0	132952	2535	224772	6279	2350	3231	4809	5371	3700	1	7137	0	0	0	0	0	0	1	0	0	0	0	0	0	1	0	1	0	1	0	0	0	0	0	0	0	0	0	0	0	0	0	0	0	0
109	3.9867	7.9183	4.0482	1.7894	0	0	0	0	0	0	0	0	0	0	0	0	0	0	0	0	134216	2415	225718	6233	2333	3129	4855	5314	3665	1	7100	0	0	0	0	0	0	1	0	0	0	0	0	0	0	0	0	0	0	0	0	0	0	0	0	0	0	0	0	0	0	0	0	0	0
110	3.9867	7.9183	4.0482	1.8003	0	0	0	0	0	0	0	0	0	0	0	0	0	0	0	0	132914	2413	224170	6345	2386	3229	4781	5525	3796	1	6471	0	0	0	0	0	1	3	0	0	0	0	0	0	1	0	0	0	1	0	0	0	0	0	0	0	0	0	0	0	0	0	0	0	0
111	3.9867	7.9183	4.0482	1.8111	0	0	0	0	0	0	0	0	0	0	0	0	0	0	0	0	132484	2479	222229	6297	2426	3254	4837	5463	3797	0	5550	1	0	0	0	0	0	2	1	0	0	0	0	0	0	1	0	1	1	0	0	0	0	0	0	0	0	0	0	0	0	0	0	0	0
112	3.9867	7.9183	4.0482	1.8218	0	0	0	0	0	0	0	0	0	0	0	0	0	0	0	0	132429	2515	222432	6176	2366	3297	4784	5338	3755	1	4567	1	0	1	0	0	1	1	0	0	0	0	0	0	0	0	0	0	0	0	0	0	0	1	0	0	0	0	0	0	0	0	0	0	0
113	3.9867	7.9183	4.0482	1.8325	0	0	0	0	0	0	0	0	0	0	0	0	0	0	0	0	131437	2580	220525	6207	2467	3292	4870	5543	3784	0	3359	0	0	2	0	0	0	0	0	0	0	0	0	0	0	0	0	0	0	0	0	0	0	0	0	0	0	0	0	0	0	0	0	0	0
114	3.9867	7.9183	4.0482	1.8431	0	0	0	0	0	0	0	0	0	0	0	0	0	0	0	0	131130	2439	219437	6224	2342	3094	4677	5305	3695	1	2266	0	0	0	0	0	0	2	0	0	0	0	0	0	0	1	0	1	0	0	0	0	0	0	0	0	0	0	0	0	0	0	0	0	0
115	3.9867	7.9183	4.0482	1.8537	0	0	0	0	0	0	0	0	0	0	0	0	0	0	0	0	130048	2435	217480	6162	2342	3183	4832	5345	3686	0	1360	0	0	0	0	0	0	0	0	0	0	0	0	0	0	0	0	0	0	0	0	0	0	0	0	0	0	0	0	0	0	0	0	0	0
116	3.9867	7.9183	4.0482	1.8642	0	0	0	0	0	0	0	0	0	0	0	0	0	0	0	0	130655	2451	219031	6253	2297	3137	4894	5233	3735	0	668	0	0	0	0	0	1	0	0	0	0	0	0	0	0	0	0	0	0	1	0	0	0	0	0	0	0	0	0	0	0	0	0	0	0
117	3.9867	7.9183	4.0482	1.8746	0	0	0	0	0	0	0	0	0	0	0	0	0	0	0	0	130034	2441	217761	6142	2263	3176	4792	5303	3674	0	303	0	0	0	0	0	0	0	0	0	0	0	0	0	0	0	0	0	0	0	0	0	0	0	0	0	0	0	0	0	0	0	0	0	0
118	3.9867	7.9183	4.0482	1.8850	0	0	0	0	0	0	0	0	0	0	0	0	0	0	0	0	129282	2349	218113	6244	2324	3273	4884	5391	3770	0	278	0	0	0	0	1	0	1	0	0	0	0	0	0	0	2	0	0	1	0	0	0	0	0	0	0	0	0	0	0	0	0	0	0	0
119	3.9867	7.9183	4.0482	1.8953	0	0	0	0	0	0	0	0	0	0	0	0	0	0	0	0	130076	2483	219068	6198	2407	3138	4699	5468	3676	2	663	0	0	0	0	1	0	0	0	0	0	0	0	0	1	0	0	1	1	1	0	0	0	0	0	0	0	0	0	0	0	0	0	0	0
120	3.9867	7.9183	4.0482	1.9056	0	0	0	0	0	0	0	0	0	0	0	0	0	0	0	0	130110	2537	219413	6252	2357	3255	4772	5370	3692	2	1409	0	0	0	1	0	0	2	0	0	0	0	0	0	0	1	0	0	0	0	0	0	0	0	0	0	0	0	0	0	0	0	0	0	0
121	3.9867	7.9183	4.0482	1.9158	0	0	0	0	0	0	0	0	0	0	0	0	0	0	0	0	130921	2391	220157	6285	2337	3201	5009	5432	3791	0	2262	0	0	0	0	0	0	3	0	0	0	0	0	0	1	0	0	0	0	0	0	0	0	0	0	0	0	0	0	0	0	0	0	0	0
122	3.9867	7.9183	4.0482	1.9259	0	0	0	0	0	0	0	0	0	0	0	0	0	0	0	0	130877	2500	220874	6246	2407	3162	4733	5445	3760	0	3430	0	0	0	0	1	0	3	0	0	0	0	0	0	0	1	0	0	0	0	0	0	0	0	0	0	0	0	0	0	0	0	0	0	0
123	3.9867	7.9183	4.0482	1.9360	0	0	0	0	0	0	0	0	0	0	0	0	0	0	0	0	131185	2565	220604	6324	2298	3149	4802	5410	3763	0	4587	1	0	0	0	0	0	1	0	0	0	0	0	0	0	0	0	0	0	0	0	0	0	0	0	0	0	0	0	0	0	0	0	0	0
124	3.9867	7.9183	4.0482	1.9461	0	0	0	0	0	0	0	0	0	0	0	0	0	0	0	0	132154	2523	223203	6268	2366	3219	4726	5524	3690	0	5616	0	0	0	0	0	0	1	0	0	0	0	0	0	0	0	0	0	1	0	0	0	0	0	0	0	0	0	0	0	0	0	0	0	0
125	3.9867	7.9183	4.0482	1.9561	0	0	0	0	0	0	0	0	0	0	0	0	0	0	0	0	131363	2463	222350	6255	2363	3287	4827	5301	3671	0	6322	0	0	0	0	0	1	2	0	0	0	0	0	0	0	0	1	0	0	1	0	0	0	0	0	0	0	0	0	0	0	0	0	0	0
126	3.9891	7.9195	4.0499	1.7000	0	0	0	0	0	0	0	0	0	0	0	0	0	0	0	0	129769	2531	219925	6277	2330	3127	4715	5501	3714	2	1127	0	0	1	0	0	0	1	0	0	0	0	0	0	0	0	0	0	0	0	0	0	0	0	0	0	0	0	0	0	0	0	0	0	0
127	3.9891	7.9195	4.0499	1.7114	0	0	0	0	0	0	0	0	0	0	0	0	0	0	0	0	130588	2518	219667	6346	2349	3262	4804	5445	3815	0	1959	0	0	0	0	0	0	1	0	0	0	0	0	0	0	0	0	0	0	0	0	0	0	0	0	0	0	0	0	0	0	0	0	0	0
128	3.9891	7.9195	4.0499	1.7228	0	0	0	0	0	0	0	0	0	0	0	0	0	0	0	0	130537	2514	221467	6266	2399	3215	4768	5491	3706	0	3005	0	0	0	0	0	0	0	0	0	0	0	0	0	1	0	0	0	1	0	0	0	0	0	0	0	0	0	0	0	0	0	0	0	0
129	3.9891	7.9195	4.0499	1.7341	0	0	0	0	0	0	0	0	0	0	0	0	0	0	0	0	130771	2499	221321	6187	2415	3182	4964	5419	3802	1	4097	0	0	0	0	0	0	1	0	0	0	0	0	0	0	0	0	0	0	0	0	0	0	0	0	0	0	0	0	0	0	0	0	0	0
130	3.9891	7.9195	4.0499	1.7453	0	0	0	0	0	0	0	0	0	0	0	0	0	0	0	0	131111	2513	221205	6128	2262	3242	4797	5304	3799	0	5313	0	0	0	0	0	2	1	0	0	0	0	0	0	0	0	0	0	1	1	0	0	0	0	0	0	0	0	0	0	0	0	0	0	0
131	3.9891	7.9195	4.0499	1.7564	0	0	0	0	0	0	0	0	0	0	0	0	0	0	0	0	131634	2519	223296	6356	2313	3414	4834	5348	3662	0	6012	0	0	0	0	0	0	3	0	0	0	0	0	0	0	0	1	0	0	0	0	0	0	0	0	0	0	0	0	0	0	0	0	0	0
132	3.9891	7.9195	4.0499	1.7675	0	0	0	0	0	0	0	0	0	0	0	0	0	0	0	0	132211	2537	224027	6140	2352	3361	4802	5312	3730	0	6720	2	0	0	0	0	0	3	0	0	0	0	0	0	0	0	0	0	0	0	0	0	0	0	0	0	0	0	0	0	0	0	0	0	0
133	3.9891	7.9195	4.0499	1.7785	0	0	0	0	0	0	0	0	0	0	0	0	0	0	0	0	132303	2545	222915	6291	2315	3371	4803	5478	3720	1	6991	1	0	1	0	0	0	0	0	0	0	0	0	0	0	0	0	0	0	0	0	0	0	0	0	0	0	0	0	0	0	0	0	0	0
134	3.9891	7.9195	4.0499	1.7894	0	0	0	0	0	0	0	0	0	0	0	0	0	0	0	0	131722	2523	222565	6183	2356	3228	4978	5302	3763	0	7004	0	0	0	0	0	0	3	0	0	0	0	0	0	0	0	0	1	0	0	0	0	0	0	0	0	0	0	0	0	0	0	0	0	0
135	3.9891	7.9195	4.0499	1.8003	0	0	0	0	0	0	0	0	0	0	0	0	0	0	0	0	130847	2436	220384	6287	2386	3255	4816	5441	3690	0	6466	1	0	0	1	0	0	3	0	0	0	0	0	0	0	0	0	1	0	0	0	0	0	1	0	0	0	0	0	0	0	0	0	0	0
136	3.9891	7.9195	4.0499	1.8111	0	0	0	0	0	0	0	0	0	0	0	0	0	0	0	0	132023	2468	222154	6281	2298	3221	4810	5472	3730	0	6013	1	0	0	0	0	2	2	0	0	0	0	0	0	0	1	0	0	1	0	0	0	0	0	0	0	0	0	0	0	0	0	0	0	0
137	3.9891	7.9195	4.0499	1.8218	0	0	0	0	0	0	0	0	0	0	0	0	0	0	0	0	132000	2457	220463	6380	2405	3244	4889	5404	3706	2	5045	0	0	1	0	0	0	0	0	0	0	0	0	0	1	0	0	1	0	0	0	0	0	0	0	0	0	0	0	0	0	0	0	0	0
138	3.9891	7.9195	4.0499	1.8325	0	0	0	0	0	0	0	0	0	0	0	0	0	0	0	0	131239	2386	220634	6164	2342	3232	4891	5472	3664	1	3819	0	0	0	0	0	0	2	0	0	0	0	0	0	0	0	0	0	0	0	0	0	0	0	0	0	0	0	0	0	0	0	0	0	0
139	3.9891	7.9195	4.0499	1.8431	0	0	0	0	0	0	0	0	0	0	0	0	0	0	0	0	130800	2440	219550	6249	2346	3349	4930	5199	3724	0	2874	0	0	1	0	0	0	1	0	0	0	0	0	0	1	0	0	0	0	0	0	0	0	0	0	0	0	0	0	0	0	0	0	0	0
140	3.9891	7.9195	4.0499	1.8537	0	0	0	0	0	0	0	0	0	0	0	0	0	0	0	0	130646	2427	218531	6283	2332	3206	4699	5448	3683	0	1782	1	0	0	1	0	0	0	0	0	0	0	0	0	1	0	0	0	0	0	0	0	0	0	0	0	0	0	0	0	0	0	0	0	0
141	3.9891	7.9195	4.0499	1.8642	0	0	0	0	0	0	0	0	0	0	0	0	0	0	0	0	131410	2468	219618	6408	2339	3264	4814	5464	3709	0	878	0	0	0	0	1	1	0	0	0	0	0	0	0	0	0	0	0	0	0	0	0	0	0	0	0	0	0	0	0	0	0	0	0	0
142	3.9891	7.9195	4.0499	1.8746	0	0	0	0	0	0	0	0	0	0	0	0	0	0	0	0	131370	2463	219502	6235	2470	3159	4943	5531	3739	0	400	0	0	0	0	0	0	0	0	0	0	0	0	0	0	0	0	0	0	0	0	0	0	0	0	0	0	0	0	0	0	0	0	0	0
143	3.9891	7.9195	4.0499	1.8850	0	0	0	0	0	0	0	0	0	0	0	0	0	0	0	0	131139	2565	219380	6144	2414	3254	4973	5499	3601	4	237	0	0	0	0	1	1	0	0	0	0	0	0	0	1	0	0	0	0	0	0	0	0	0	0	0	0	0	0	0	0	0	0	0	0
144	3.9891	7.9195	4.0499	1.8953	0	0	0	0	0	0	0	0	0	0	0	0	0	0	0	0	129828	2450	218139	6297	2292	3149	4819	5570	3757	0	443	0	0	0	0	0	0	0	0	0	0	0	0	0	0	0	0	0	0	0	0	0	0	0	0	0	0	0	0	0	0	0	0	0	0
145	3.9891	7.9195	4.0499	1.9056	0	0	0	0	0	0	0	0	0	0	0	0	0	0	0	0	130908	2528	220789	6171	2456	3116	4833	5368	3824	1	950	0	0	1	0	0	0	0	0	0	0	0	0	0	0	0	0	0	0	0	0	0	0	0	0	0	0	0	0	0	0	0	0	0	0
146	3.9891	7.9195	4.0499	1.9158	0	0	0	0	0	0	0	0	0	0	0	0	0	0	0	0	131460	2410	220913	6302	2401	3183	4943	5402	3625	1	1854	0	0	0	0	0	0	2	0	0	0	0	0	0	1	0	1	0	0	1	0	0	0	0	0	0	0	0	0	0	0	0	0	0	0
147	3.9891	7.9195	4.0499	1.9259	0	0	0	0	0	0	0	0	0	0	0	0	0	0	0	0	131131	2477	221025	6329	2334	3308	4913	5437	3743	4	2891	1	0	0	0	1	0	2	0	0	0	0	0	0	0	1	0	0	2	0	0	0	0	0	0	0	0	0	0	0	0	0	0	0	0
148	3.9891	7.9195	4.0499	1.9360	0	0	0	0	0	0	0	0	0	0	0	0	0	0	0	0	132159	2524	223752	6455	2379	3129	4992	5407	3884	1	3968	0	0	0	0	0	0	2	0	0	0	0	0	0	0	0	0	1	0	0	0	0	0	0	0	0	0	0	0	0	0	0	0	0	0
149	3.9891	7.9195	4.0499	1.9461	0	0	0	0	0	0	0	0	0	0	0	0	0	0	0	0	132451	2443	223686	6032	2319	3086	4889	5362	3737	0	5111	0	0	0	0	0	0	3	0	0	0	0	0	0	0	0	0	0	0	0	0	0	0	0	0	0	0	0	0	0	0	0	0	0	0
150	3.9891	7.9195	4.0499	1.9561	0	0	0	0	0	0	0	0	0	0	0	0	0	0	0	0	133097	2456	224678	6252	2416	3275	4848	5571	3656	0	6138	0	0	0	1	0	0	2	0	0	0	0	0	0	0	0	0	1	0	1	0	0	0	0	0	0	0	0	0	0	0	0	0	0	0
151	3.9914	7.9206	4.0515	1.7000	0	0	0	0	0	0	0	0	0	0	0	0	0	0	0	0	130515	2616	218954	6324	2414	3299	4974	5445	3895	4	846	1	0	0	0	1	1	1	0	0	0	0	0	0	0	0	0	0	0	1	0	0	0	0	0	0	0	0	0	0	0	0	0	0	0
152	3.9914	7.9206	4.0515	1.7114	0	0	0	0	0	0	0	0	0	0	0	0	0	0	0	0	131716	2533	221677	6326	2406	3257	4904	5455	3709	0	1531	1	1	0	1	0	0	0	0	0	0	0	0	0	0	0	0	1	0	0	0	0	0	0	0	0	0	0	0	0	0	0	0	0	0
153	3.9914	7.9206	4.0515	1.7228	0	0	0	0	0	0	0	0	0	0	0	0	0	0	0	0	131914	2583	221725	6070	2406	3238	5038	5409	3732	0	2683	0	0	0	0	0	0	0	0	0	0	0	0	0	0	0	0	0	0	0	0	0	0	0	0	0	0	0	0	0	0	0	0	0	0
154	3.9914	7.9206	4.0515	1.7341	0	0	0	0	0	0	0	0	0	0	0	0	0	0	0	0	131909	2569	222459	6200	2496	3306	5140	5561	3728	0	3688	0	0	0	0	1	0	1	0	0	0	0	0	0	0	1	0	0	1	1	0	0	0	0	0	0	0	0	0	0	0	0	0	0	0
155	3.9914	7.9206	4.0515	1.7453	0	0	0	0	0	0	0	0	0	0	0	0	0	0	0	0	133315	2628	225687	6242	2443	3256	5102	5491	3790	1	4719	0	0	0	0	1	0	3	0	0	0	0	0	0	0	1	1	0	0	0	0	0	0	0	0	0	0	0	0	0	0	0	0	0	0
156	3.9914	7.9206	4.0515	1.7564	0	0	0	0	0	0	0	0	0	0	0	0	0	0	0	0	133155	2494	225518	6319	2461	3375	5030	5375	3892	0	5892	1	0	0	0	0	0	1	0	0	0	0	0	0	1	0	0	0	0	0	0	0	0	0	0	0	0	0	0	0	0	1	0	0	0
157	3.9914	7.9206	4.0515	1.7675	0	0	0	0	0	0	0	0	0	0	0	0	0	0	0	0	133133	2459	225745	6252	2479	3427	4998	5499	3851	0	6613	0	0	0	0	0	0	4	0	0	0	0	0	0	1	1	0	0	0	0	0	0	0	0	0	0	0	0	0	0	0	0	0	0	0
158	3.9914	7.9206	4.0515	1.7785	0	0	0	0	0	0	0	0	0	0	0	0	0	0	0	0	133555	2498	225283	6329	2375	3394	5051	5543	3968	0	7057	0	0	0	0	0	0	4	0	0	0	0	0	0	0	0	0	0	0	1	0	0	0	0	0	0	0	0	0	0	0	0	0	0	0
159	3.9914	7.9206	4.0515	1.7894	0	0	0	0	0	0	0	0	0	0	0	0	0	0	0	0	133254	2599	224275	6184	2530	3375	5167	5416	3839	0	7123	0	0	0	0	0	0	4	0	0	0	0	0	0	0	0	0	1	0	0	0	0	0	0	0	0	0	0	0	0	0	0	0	0	0
160	3.9914	7.9206	4.0515	1.8003	0	0	0	0	0	0	0	0	0	0	0	0	0	0	0	0	132821	2585	224471	6238	2482	3295	5045	5567	3827	0	6793	1	0	0	0	0	0	3	0	0	0	0	0	0	0	0	0	1	0	0	0	0	0	0	0	0	0	0	0	0	0	0	0	0	0
161	3.9914	7.9206	4.0515	1.8111	0	0	0	0	0	0	0	0	0	0	0	0	0	0	0	0	132407	2537	224088	6366	2403	3484	5100	5680	3787	0	6274	0	0	0	1	0	0	3	0	0	0	0	0	0	1	0	0	0	0	0	0	0	0	0	0	0	0	0	0	0	0	0	0	0	0
162	3.9914	7.9206	4.0515	1.8218	0	0	0	0	0	0	0	0	0	0	0	0	0	0	0	0	133429	2673	223087	6349	2436	3378	5049	5573	3895	1	5526	0	0	0	0	0	0	0	0	0	0	0	0	0	1	0	0	0	1	0	0	0	0	0	0	0	1	0	0	0	0	0	0	0	0
163	3.9914	7.9206	4.0515	1.8325	0	0	0	0	0	0	0	0	0	0	0	0	0	0	0	0	134167	2524	224084	6315	2474	3410	5148	5378	3922	1	4476	0	0	0	0	0	0	1	0	0	0	0	0	0	0	0	0	0	0	0	0	0	0	0	0	0	0	0	0	0	0	0	0	0	0
164	3.9914	7.9206	4.0515	1.8431	0	0	0	0	0	0	0	0	0	0	0	0	0	0	0	0	132845	2576	222699	6391	2445	3344	5204	5560	3954	1	3474	0	0	0	0	1	0	2	0	0	0	0	0	0	0	0	0	0	0	0	0	0	0	0	0	0	0	0	0	0	0	0	0	0	0
165	3.9914	7.9206	4.0515	1.8537	0	0	0	0	0	0	0	0	0	0	0	0	0	0	0	0	131247	2568	221332	6464	2498	3500	5056	5551	3951	0	2216	2	1	0	0	0	0	2	0	0	0	0	0	0	0	1	0	0	0	0	0	0	0	0	0	0	0	0	0	0	0	0	0	0	0
166	3.9914	7.9206	4.0515	1.8642	0	0	0	0	0	0	0	0	0	0	0	0	0	0	0	0	131086	2612	220185	6281	2471	3391	5121	5500	3773	1	1286	0	0	0	0	1	0	0	0	0	0	0	0	0	0	1	1	0	0	2	0	0	0	0	0	0	0	0	0	0	0	0	0	0	0
167	3.9914	7.9206	4.0515	1.8746	0	0	0	0	0	0	0	0	0	0	0	0	0	0	0	0	131465	2660	219518	6356	2486	3572	5028	5671	3879	1	647	0	0	0	0	0	0	0	0	0	0	0	0	0	1	1	0	0	1	0	0	0	0	0	0	0	0	0	0	0	0	0	0	0	0
168	3.9914	7.9206	4.0515	1.8850	0	0	0	0	0	0	0	0	0	0	0	0	0	0	0	0	130471	2578	219602	6450	2470	3441	5202	5625	3930	0	320	1	0	0	0	1	0	0	0	0	0	0	1	0	0	0	0	0	1	0	0	0	0	0	0	0	0	0	0	0	0	0	0	0	0
169	3.9914	7.9206	4.0515	1.8953	0	0	0	0	0	0	0	0	0	0	0	0	0	0	0	0	130578	2559	218496	6237	2387	3290	5104	5555	3770	2	324	0	0	0	0	1	0	0	0	0	0	0	0	0	0	0	0	0	0	0	0	0	0	0	0	0	0	0	0	0	0	0	1	0	0
170	3.9914	7.9206	4.0515	1.9056	0	0	0	0	0	0	0	0	0	0	0	0	0	0	0	0	130617	2538	219573	6110	2526	3333	5075	5455	3815	0	709	0	0	0	0	0	0	1	0	0	0	0	0	0	0	0	0	0	0	1	0	0	0	0	0	0	0	0	0	0	0	0	0	0	0
171	3.9914	7.9206	4.0515	1.9158	0	0	0	0	0	0	0	0	0	0	0	0	0	0	0	0	131538	2640	220530	6312	2370	3475	5153	5594	3911	1	1435	0	0	0	0	0	0	1	0	0	0	0	0	0	0	0	0	1	0	0	0	1	0	0	0	0	0	0	0	0	0	0	1	0	0
172	3.9914	7.9206	4.0515	1.9259	0	0	0	0	0	0	0	0	0	0	0	0	0	0	0	0	132150	2456	223502	6302	2477	3357	5025	5436	3636	1	2470	0	0	0	0	0	0	1	0	0	0	0	0	0	0	0	0	0	0	0	0	0	0	0	0	0	0	0	0	0	0	0	0	0	0
173	3.9914	7.9206	4.0515	1.9360	0	0	0	0	0	0	0	0	0	0	0	0	0	0	0	0	131667	2563	223054	6286	2440	3325	5107	5430	3743	1	3548	0	0	0	0	0	0	1	0	0	0	0	0	0	0	0	0	1	2	0	0	0	0	0	0	0	0	0	0	0	0	0	0	0	0
174	3.9914	7.9206	4.0515	1.9461	0	0	0	0	0	0	0	0	0	0	0	0	0	0	0	0	132958	2596	225304	6369	2444	3263	5004	5525	3676	1	4694	0	0	1	1	0	1	3	0	0	0	0	0	0	0	0	0	0	0	0	0	0	0	0	0	0	0	0	0	0	0	0	0	0	0
175	3.9914	7.9206	4.0515	1.9561	0	0	0	0	0	0	0	0	0	0	0	0	0	0	0	0	132806	2480	224658	6141	2420	3324	4953	5592	3844	0	5643	1	0	0	0	0	0	2	0	0	0	0	0	0	0	0	0	0	0	0	0	0	0	0	0	0	0	0	0	0	0	0	0	0	0
176	3.9938	7.9218	4.0532	1.7000	0	0	0	0	0	0	0	0	0	0	0	0	0	0	0	0	130222	2480	219705	6238	2353	3248	4937	5500	3723	2	610	0	0	0	0	0	0	1	0	0	0	0	0	0	1	0	0	0	0	1	0	0	0	0	0	0	0	0	0	0	0	0	0	0	0
177	3.9938	7.9218	4.0532	1.7114	0	0	0	0	0	0	0	0	0	0	0	0	0	0	0	0	130332	2490	220094	6150	2405	3290	5123	5414	3797	0	1228	0	0	0	0	0	0	1	0	0	0	0	0	0	0	0	0	0	0	0	0	0	0	0	0	0	0	0	0	0	0	0	0	0	0
178	3.9938	7.9218	4.0532	1.7228	0	0	0	0	0	0	0	0	0	0	0	0	0	0	0	0	130502	2467	221408	6104	2321	3289	4781	5323	3726	3	2185	0	0	0	0	0	0	0	0	0	0	0	0	0	1	1	0	0	0	0	0	0	0	0	0	0	0	0	0	0	0	0	0	0	0
179	3.9938	7.9218	4.0532	1.7341	0	0	0	0	0	0	0	0	0	0	0	0	0	0	0	0	132324	2571	222835	6190	2510	3154	4983	5381	3777	1	3160	0	0	0	0	1	0	0	0	0	0	0	0	0	1	0	0	0	0	1	0	0	0	0	0	0	0	0	0	0	0	0	0	0	0
180	3.9938	7.9218	4.0532	1.7453	0	0	0	0	0	0	0	0	0	0	0	0	0	0	0	0	132635	2547	223834	6274	2346	3224	4966	5548	3715	0	4216	0	0	0	0	0	0	2	0	0	0	0	0	0	0	0	0	0	0	0	0	0	0	0	0	0	0	0	0	0	0	0	0	0	0
181	3.9938	7.9218	4.0532	1.7564	0	0	0	0	0	0	0	0	0	0	0	0	0	0	0	0	133037	2573	225255	6266	2480	3334	4835	5570	3813	1	5429	0	0	0	0	0	0	3	0	0	0	0	0	0	0	0	0	0	2	0	0	0	0	0	0	0	0	0	0	0	0	0	0	0	0
182	3.9938	7.9218	4.0532	1.7675	0	0	0	0	0	0	0	0	0	0	0	0	0	0	0	0	133702	2525	226604	6228	2437	3244	4873	5386	3822	0	6206	0	0	0	0	0	0	1	0	0	0	0	0	0	1	0	0	0	0	1	0	0	0	0	0	0	0	0	0	0	0	0	0	0	0
183	3.9938	7.9218	4.0532	1.7785	0	0	0	0	0	0	0	0	0	0	0	0	0	0	0	0	134891	2513	227882	6230	2365	3173	4891	5449	3788	1	6859	0	0	0	0	0	1	2	0	0	0	0	0	0	0	0	0	0	0	1	0	0	0	0	0	0	0	0	0	0	0	0	0	0	0
184	3.9938	7.9218	4.0532	1.7894	0	0	0	0	0	0	0	0	0	0	0	0	0	0	0	0	135301	2500	228385	6203	2373	3224	5022	5506	3791	0	7329	1	1	0	0	0	0	1	0	0	0	0	0	0	0	0	0	0	0	0	0	0	0	0	0	0	0	0	0	0	0	0	0	0	0
185	3.9938	7.9218	4.0532	1.8003	0	0	0	0	0	0	0	0	0	0	0	0	0	0	0	0	136129	2618	229468	6271	2333	3336	4891	5426	3769	1	7229	1	0	0	0	0	1	1	0	0	0	0	0	0	1	1	0	1	0	0	0	0	0	0	0	0	0	0	0	0	0	0	0	0	0
186	3.9938	7.9218	4.0532	1.8111	0	0	0	0	0	0	0	0	0	0	0	0	0	0	0	0	134950	2570	227532	6342	2481	3351	4956	5577	3794	0	6711	1	0	0	0	1	0	4	0	0	0	0	0	1	0	0	0	0	0	0	0	0	0	0	0	0	0	0	0	0	0	0	0	0	0
187	3.9938	7.9218	4.0532	1.8218	0	0	0	0	0	0	0	0	0	0	0	0	0	0	0	0	134864	2562	227299	6165	2396	3368	4973	5637	3829	2	6111	1	0	0	0	0	0	2	0	0	0	0	0	0	0	0	0	0	0	0	0	0	0	0	0	0	0	0	0	0	0	0	0	0	0
188	3.9938	7.9218	4.0532	1.8325	0	0	0	0	0	0	0	0	0	0	0	0	0	0	0	0	135219	2594	225393	6315	2379	3345	4881	5281	3868	1	4939	0	0	0	0	0	1	3	0	0	0	0	0	0	1	0	0	0	1	1	0	0	0	0	0	0	0	0	0	0	0	0	0	0	0
189	3.9938	7.9218	4.0532	1.8431	0	0	0	0	0	0	0	0	0	0	0	0	0	0	0	0	134245	2518	224200	6426	2415	3358	4909	5484	3831	2	3815	0	1	0	0	0	0	2	0	0	0	0	0	0	0	0	0	0	0	0	0	0	0	0	0	1	0	0	0	0	0	0	0	0	0
190	3.9938	7.9218	4.0532	1.8537	0	0	0	0	0	0	0	0	0	0	0	0	0	0	0	0	133821	2405	222743	6432	2460	3275	4921	5471	3739	0	2748	0	0	0	0	0	0	0	0	0	0	0	0	0	1	0	0	0	0	0	0	0	0	0	0	0	0	0	0	0	0	0	0	0	0
191	3.9938	7.9218	4.0532	1.8642	0	0	0	0	0	0	0	0	0	0	0	0	0	0	0	0	132757	2536	221078	6276	2371	3406	4963	5487	3796	2	1750	0	0	0	0	0	0	2	0	0	0	0	0	0	0	0	0	0	1	1	0	0	0	0	0	0	0	0	0	0	0	0	0	0	0
192	3.9938	7.9218	4.0532	1.8746	0	0	0	0	0	0	0	0	0	0	0	0	0	0	0	0	132396	2522	221037	6297	2387	3286	4871	5439	3863	0	887	0	0	1	0	0	0	0	0	0	0	0	0	0	0	0	0	0	0	0	0	0	0	0	0	0	0	0	0	0	0	0	0	0	0
193	3.9938	7.9218	4.0532	1.8850	0	0	0	0	0	0	0	0	0	0	0	0	0	0	0	0	131829	2602	222535	6305	2451	3302	5003	5472	3778	2	433	0	0	0	0	0	0	0	0	0	0	0	0	0	0	0	0	1	1	0	0	0	0	0	0	0	0	0	0	0	0	0	0	0	0
194	3.9938	7.9218	4.0532	1.8953	0	0	0	0	0	0	0	0	0	0	0	0	0	0	0	0	131240	2446	221482	6297	2344	3272	4838	5351	3841	0	294	0	0	0	0	0	0	1	0	0	0	0	0	0	0	0	0	0	1	0	0	0	0	0	0	0	0	0	0	0	0	0	0	0	0
195	3.9938	7.9218	4.0532	1.9056	0	0	0	0	0	0	0	0	0	0	0	0	0	0	0	0	131650	2476	221577	6409	2432	3187	4895	5467	3704	0	546	0	0	0	0	0	0	1	0	0	0	0	0	0	1	0	0	0	0	0	0	0	0	0	0	0	0	0	0	0	0	0	0	0	0
196	3.9938	7.9218	4.0532	1.9158	0	0	0	0	0	0	0	0	0	0	0	0	0	0	0	0	132077	2467	222547	6235	2371	3304	4960	5385	3673	1	1069	0	0	0	2	0	0	0	0	0	0	0	0	0	0	0	0	0	0	1	0	0	0	0	0	0	0	0	0	0	0	0	0	0	0
197	3.9938	7.9218	4.0532	1.9259	0	0	0	0	0	0	0	0	0	0	0	0	0	0	0	0	132370	2400	222834	6220	2456	3229	4935	5545	3801	0	1968	0	0	0	0	0	0	0	0	0	0	0	0	0	1	0	0	0	0	0	0	0	0	0	0	0	0	0	0	0	0	0	0	0	0
198	3.9938	7.9218	4.0532	1.9360	0	0	0	0	0	0	0	0	0	0	0	0	0	0	0	0	132858	2434	224222	6215	2385	3215	4763	5398	3743	2	2966	0	0	0	0	0	0	0	0	0	0	0	0	0	0	0	1	1	0	0	0	0	0	0	0	0	0	0	0	0	0	0	0	0	0
199	3.9938	7.9218	4.0532	1.9461	0	0	0	0	0	0	0	0	0	0	0	0	0	0	0	0	132552	2382	222982	6253	2332	3289	4931	5462	3779	0	4272	0	0	1	0	0	0	2	0	0	0	0	0	0	0	0	1	1	1	0	0	0	0	0	0	0	0	0	0	0	0	0	0	0	0
200	3.9938	7.9218	4.0532	1.9561	0	0	0	0	0	0	0	0	0	0	0	0	0	0	0	0	132599	2393	223036	6160	2243	3183	4784	5422	3743	0	5253	0	0	0	0	0	0	4	0	0	0	0	0	0	0	0	1	0	0	0	0	0	0	0	0	0	0	0	0	0	0	0	0	0	0
201	3.9962	7.9230	4.0548	1.7000	0	0	0	0	0	0	0	0	0	0	0	0	0	0	0	0	130591	2347	219095	6279	2278	3143	4767	5351	3626	2	429	0	0	0	1	0	0	0	0	0	0	0	0	0	0	0	0	0	0	0	0	0	0	0	0	0	0	0	0	0	0	0	0	0	0
202	3.9962	7.9230	4.0548	1.7114	0	0	0	0	0	0	0	0	0	0	0	0	0	0	0	0	131463	2405	221894	6263	2236	3230	4680	5401	3682	2	976	0	0	0	0	0	0	2	0	0	0	0	0	0	0	0	0	0	0	1	0	0	0	0	0	0	0	0	0	0	0	0	0	0	0
203	3.9962	7.9230	4.0548	1.7228	0	0	0	0	0	0	0	0	0	0	0	0	0	0	0	0	131161	2391	221620	6172	2320	3218	4762	5323	3735	1	1773	0	1	0	0	0	0	1	0	0	0	0	0	0	0	1	0	1	0	0	0	0	0	0	0	0	0	0	0	0	0	0	0	0	0
