Setting	Current1	Current2	Current3	Current4	Current5	Current6	Current7	Current8	15	263	27	275	43	291	75	323	141	389	153	401	169	417	201	449	1	2	4	8	16	32	64	128	256	3	5	9	17	33	65	129	257	6	10	18	34	66	130	258	12	20	36	68	132	260	24	40	72	136	264	48	80	144	272	96	160	288	192	320	384
1	4.5702	7.5039	3.8142	1.7000	0	0	0	0	0	0	0	0	0	0	0	0	0	0	0	0	423753	3569	521731	12067	5056	137791	9647	137829	9197	1	10806	0	0	12	1	26	0	0	0	0	0	0	0	0	3	2	20	6	32	1	0	1	0	0	0	1	0	0	0	0	921	0	0	0	0
2	4.5702	7.5039	3.8142	1.7115	0	0	0	0	0	0	0	0	0	0	0	0	0	0	0	0	423799	3621	521329	12107	5109	137581	9759	137362	9373	3	10066	1	2	14	1	26	1	2	0	0	0	0	0	0	3	0	19	1	34	0	0	0	0	0	0	0	0	0	0	0	897	2	1	0	0
3	4.5702	7.5039	3.8142	1.7229	0	0	0	0	0	0	0	0	0	0	0	0	0	0	0	0	423362	3724	519247	12055	5035	137179	9617	137278	9077	0	8338	3	0	13	1	26	1	1	0	0	0	0	0	0	0	0	28	1	43	0	0	2	0	1	0	0	0	1	0	0	899	0	0	0	0
4	4.5702	7.5039	3.8142	1.7342	0	0	0	0	0	0	0	0	0	0	0	0	0	0	0	0	423759	3735	518870	11966	4990	137653	9583	137022	9272	2	6563	3	0	6	0	17	3	1	0	0	0	0	0	0	0	0	27	2	29	2	0	0	1	0	0	0	0	1	0	1	919	1	2	0	1
5	4.5702	7.5039	3.8142	1.7454	0	0	0	0	0	0	0	0	0	0	0	0	0	0	0	0	421920	3673	517209	12109	4990	137126	9554	136727	9119	0	4724	0	0	9	0	22	1	2	0	0	0	0	0	0	2	2	21	0	45	3	0	2	0	1	0	0	0	0	0	0	924	0	1	0	2
6	4.5702	7.5039	3.8142	1.7566	0	0	0	0	0	0	0	0	0	0	0	0	0	0	0	0	419765	3675	514210	12020	5009	137114	9516	136733	9170	1	2920	0	2	13	0	21	1	1	0	0	0	0	0	0	0	0	17	1	36	0	0	0	0	0	0	0	0	1	0	0	908	0	1	0	0
7	4.5702	7.5039	3.8142	1.7677	0	0	0	0	0	0	0	0	0	0	0	0	0	0	0	0	419924	3536	515984	11956	5054	137801	9554	136893	9274	3	1574	1	1	20	0	27	2	1	0	0	0	0	0	0	0	2	32	1	40	0	0	0	0	0	0	2	0	0	0	0	927	0	0	0	0
8	4.5702	7.5039	3.8142	1.7787	0	0	0	0	0	0	0	0	0	0	0	0	0	0	0	0	419477	3735	514290	11903	5018	137286	9492	136587	9065	2	719	1	0	18	1	19	1	2	0	0	0	0	0	0	3	0	20	0	31	1	1	0	0	0	1	0	0	0	0	0	943	0	0	0	0
9	4.5702	7.5039	3.8142	1.7897	0	0	0	0	0	0	0	0	0	0	0	0	0	0	0	0	419923	3728	515677	11836	5125	137734	9526	136939	9136	1	326	1	0	21	0	27	1	4	0	0	0	0	0	0	1	2	22	2	35	2	0	0	0	0	1	0	0	1	0	0	877	0	1	0	0
10	4.5702	7.5039	3.8142	1.8006	0	0	0	0	0	0	0	0	0	0	0	0	0	0	0	0	420929	3595	518072	12156	5090	136480	9617	137248	9247	3	579	0	1	13	0	29	1	3	0	0	0	0	0	0	2	0	20	4	26	2	0	2	0	0	0	0	0	0	0	1	897	1	1	0	0
11	4.5702	7.5039	3.8142	1.8114	0	0	0	0	0	0	0	0	0	0	0	0	0	0	0	0	422393	3636	517274	12118	4969	138369	9686	137244	9182	2	1495	0	1	14	1	22	1	2	0	0	0	0	0	0	0	0	23	4	38	0	0	1	0	0	0	0	0	0	0	0	951	0	0	0	0
12	4.5702	7.5039	3.8142	1.8222	0	0	0	0	0	0	0	0	0	0	0	0	0	0	0	0	424304	3677	519321	12137	5232	139079	9450	139065	9261	2	2940	0	1	19	0	22	1	1	0	0	0	0	1	0	0	0	16	2	42	1	0	0	0	0	0	0	0	0	0	0	924	0	0	0	0
13	4.5702	7.5039	3.8142	1.8329	0	0	0	0	0	0	0	0	0	0	0	0	0	0	0	0	425098	3688	519832	11922	4911	137866	9508	137969	9149	2	4543	0	0	9	1	19	0	6	0	0	0	0	0	0	0	0	16	0	36	2	0	1	0	2	0	0	0	1	0	1	911	1	0	0	0
14	4.5702	7.5039	3.8142	1.8435	0	0	0	0	0	0	0	0	0	0	0	0	0	0	0	0	423509	3565	518589	12087	5019	137845	9443	137250	9063	2	6419	0	1	10	2	30	2	2	0	0	0	0	0	0	3	0	23	1	42	2	0	1	0	0	0	0	0	0	0	1	935	0	1	0	0
15	4.5702	7.5039	3.8142	1.8541	0	0	0	0	0	0	0	0	0	0	0	0	0	0	0	0	424017	3608	518478	12048	4971	137566	9403	137842	9021	4	8133	1	0	20	0	24	1	0	0	0	0	0	0	0	3	0	24	0	20	2	0	0	0	1	0	0	0	0	0	2	898	0	0	0	0
16	4.5702	7.5039	3.8142	1.8646	0	0	0	0	0	0	0	0	0	0	0	0	0	0	0	0	423913	3618	518780	11941	4938	137543	9347	137476	9080	1	9913	1	0	15	0	19	1	0	0	0	0	0	0	0	1	0	23	1	29	0	0	0	0	0	0	0	0	1	0	0	927	0	1	0	1
17	4.5702	7.5039	3.8142	1.8751	0	0	0	0	0	0	0	0	0	0	0	0	0	0	0	0	425283	3640	519112	12253	5047	137284	9513	137451	9189	4	10843	0	0	12	1	28	0	3	0	0	0	0	0	0	0	0	26	0	32	0	0	0	1	0	0	0	0	1	0	0	955	1	1	0	0
18	4.5702	7.5039	3.8142	1.8855	0	0	0	0	0	0	0	0	0	0	0	0	0	0	0	0	424724	3588	518815	12034	5011	137936	9291	136405	9216	0	11587	0	1	8	3	25	0	1	0	0	0	0	0	0	1	0	25	2	24	0	0	0	0	0	0	0	0	0	0	0	895	0	1	0	0
19	4.5702	7.5039	3.8142	1.8958	0	0	0	0	0	0	0	0	0	0	0	0	0	0	0	0	425855	3630	521279	12027	5029	138525	9376	137901	9207	2	11781	0	0	11	2	18	1	5	0	0	0	0	0	0	0	1	19	0	33	1	0	0	0	0	0	0	0	0	0	0	975	0	0	0	0
20	4.5702	7.5039	3.8142	1.9061	0	0	0	0	0	0	0	0	0	0	0	0	0	0	0	0	428436	3640	523158	12082	5047	138646	9566	137979	9108	1	11335	0	0	16	0	29	0	0	0	0	0	0	0	0	0	0	24	3	25	2	0	1	0	0	0	0	0	1	0	0	916	0	0	0	1
21	4.5702	7.5039	3.8142	1.9163	0	0	0	0	0	0	0	0	0	0	0	0	0	0	0	0	427043	3840	522770	12264	5044	138049	9584	137958	9118	0	10377	2	1	14	2	24	0	4	0	0	0	0	0	0	1	2	16	3	30	4	0	0	0	1	0	0	0	0	0	1	928	0	0	0	0
22	4.5702	7.5039	3.8142	1.9265	0	0	0	0	0	0	0	0	0	0	0	0	0	0	0	0	426349	3649	522320	11911	5054	138880	9507	137500	9192	1	8653	2	3	16	0	19	2	1	0	0	0	0	0	0	2	0	16	3	31	2	0	1	0	0	0	0	0	0	0	0	932	1	0	0	0
23	4.5702	7.5039	3.8142	1.9366	0	0	0	0	0	0	0	0	0	0	0	0	0	0	0	0	425138	3558	520703	12118	5021	138351	9449	137722	9180	0	6858	1	1	8	1	22	3	3	0	0	0	0	1	0	1	2	28	2	36	0	0	1	0	0	0	0	0	0	0	1	915	0	0	0	0
24	4.5702	7.5039	3.8142	1.9467	0	0	0	0	0	0	0	0	0	0	0	0	0	0	0	0	423093	3582	519074	11998	4957	138866	9484	138555	9240	2	4913	0	0	12	2	23	0	1	0	0	0	0	0	0	0	0	22	1	38	0	0	0	0	0	0	0	0	0	0	0	1003	1	0	0	1
25	4.5702	7.5039	3.8142	1.9567	0	0	0	0	0	0	0	0	0	0	0	0	0	0	0	0	421832	3692	516850	12016	5178	138564	9671	137753	9166	5	3207	0	2	14	2	22	1	0	0	0	0	0	0	0	1	0	36	2	39	1	0	1	0	0	0	1	0	1	0	0	920	0	0	0	0
26	4.5682	7.5026	3.8124	1.7000	0	0	0	0	0	0	0	0	0	0	0	0	0	0	0	0	423600	3616	520928	11832	4959	135609	9460	135859	9183	3	10619	2	0	14	1	22	0	3	0	0	0	0	0	0	1	1	19	1	26	1	1	0	0	0	0	0	0	0	0	0	934	0	0	0	0
27	4.5682	7.5026	3.8124	1.7115	0	0	0	0	0	0	0	0	0	0	0	0	0	0	0	0	423910	3612	519957	12044	5071	135704	9494	135243	9166	1	9104	1	1	18	0	23	1	1	0	0	0	0	0	0	0	0	19	0	41	1	0	1	0	0	0	0	0	0	0	0	969	0	1	0	0
28	4.5682	7.5026	3.8124	1.7229	0	0	0	0	0	0	0	0	0	0	0	0	0	0	0	0	424155	3735	521059	12140	5062	137458	9557	136651	9043	2	7334	5	1	18	2	19	1	1	0	0	0	0	0	0	0	0	12	2	35	3	0	1	0	1	0	0	0	0	0	1	934	0	0	0	0
29	4.5682	7.5026	3.8124	1.7342	0	0	0	0	0	0	0	0	0	0	0	0	0	0	0	0	422339	3657	519737	12085	4984	137307	9479	137176	9238	3	5645	0	2	15	0	19	0	1	0	0	0	0	0	0	0	1	26	2	42	0	0	0	0	0	0	0	0	0	0	0	924	0	1	0	2
30	4.5682	7.5026	3.8124	1.7454	0	0	0	0	0	0	0	0	0	0	0	0	0	0	0	0	419805	3672	517082	12125	5071	137111	9666	136041	9285	2	3778	1	2	14	1	23	0	4	0	0	0	0	0	0	3	0	22	3	49	2	0	0	0	0	0	0	0	0	0	1	847	1	0	0	0
31	4.5682	7.5026	3.8124	1.7566	0	0	0	0	0	0	0	0	0	0	0	0	0	0	0	0	422741	3563	519388	12036	4965	137735	9618	137100	9027	2	2307	0	0	10	0	16	0	3	0	0	0	0	0	0	0	0	28	1	30	1	0	0	0	0	0	0	0	0	0	1	928	1	1	0	0
32	4.5682	7.5026	3.8124	1.7677	0	0	0	0	0	0	0	0	0	0	0	0	0	0	0	0	418359	3587	514665	11843	5076	137579	9599	136400	9204	0	1066	3	1	17	2	20	2	3	0	0	0	0	0	0	1	0	26	1	48	4	1	0	0	2	0	0	0	0	0	2	920	0	0	0	0
33	4.5682	7.5026	3.8124	1.7787	0	0	0	0	0	0	0	0	0	0	0	0	0	0	0	0	419500	3657	513809	11995	5036	136539	9484	136159	8972	2	474	1	0	11	1	27	0	0	0	0	0	0	0	0	0	1	18	1	39	1	0	1	0	0	0	0	0	0	0	1	906	0	1	0	0
34	4.5682	7.5026	3.8124	1.7897	0	0	0	0	0	0	0	0	0	0	0	0	0	0	0	0	420441	3603	514291	12050	5011	137127	9507	136194	9315	1	397	0	3	7	1	25	0	5	0	0	0	0	0	0	1	1	26	0	34	0	0	0	0	0	0	0	0	0	0	0	972	0	1	0	1
35	4.5682	7.5026	3.8124	1.8006	0	0	0	0	0	0	0	0	0	0	0	0	0	0	0	0	419306	3637	513317	12012	5081	136447	9379	136611	8975	0	940	0	0	10	0	17	0	2	0	0	0	0	1	0	1	0	20	0	31	2	0	1	0	0	0	0	0	0	0	0	854	0	0	0	1
36	4.5682	7.5026	3.8124	1.8114	0	0	0	0	0	0	0	0	0	0	0	0	0	0	0	0	419468	3631	513787	11843	4931	136671	9490	135853	9126	1	2048	0	1	18	1	17	2	1	0	0	1	0	0	0	3	0	25	0	40	2	0	1	0	0	0	0	0	1	0	0	922	1	1	0	1
37	4.5682	7.5026	3.8124	1.8222	0	0	0	0	0	0	0	0	0	0	0	0	0	0	0	0	417123	3555	513025	11990	4962	134920	9317	135449	9059	2	3421	0	2	12	2	26	0	2	0	0	0	0	0	0	3	2	27	2	29	0	0	0	0	0	0	0	0	0	0	0	944	1	0	0	1
38	4.5682	7.5026	3.8124	1.8329	0	0	0	0	0	0	0	0	0	0	0	0	0	0	0	0	419958	3569	513767	11990	4936	135749	9444	134610	9006	3	5173	1	0	16	2	16	2	2	0	0	0	0	0	0	0	0	11	0	30	2	0	0	0	0	0	0	0	0	0	0	894	1	0	0	0
39	4.5682	7.5026	3.8124	1.8435	0	0	0	0	0	0	0	0	0	0	0	0	0	0	0	0	417896	3420	513036	11867	5016	135245	9006	135052	9188	4	6997	0	0	11	1	19	2	2	0	0	1	0	0	0	2	0	21	1	28	4	0	2	0	0	0	0	0	0	0	2	890	0	1	0	0
40	4.5682	7.5026	3.8124	1.8541	0	0	0	0	0	0	0	0	0	0	0	0	0	0	0	0	419497	3591	514573	11869	4888	135519	9355	134018	8988	1	8786	1	0	15	1	26	1	4	0	0	0	0	1	0	2	1	27	1	31	2	0	0	0	1	0	0	0	0	0	1	932	0	0	0	0
41	4.5682	7.5026	3.8124	1.8646	0	0	0	0	0	0	0	0	0	0	0	0	0	0	0	0	418760	3595	512476	12133	5020	134950	9535	134538	8933	1	10147	3	0	16	2	23	0	2	0	0	0	0	0	0	3	1	16	0	42	1	0	0	0	0	0	1	0	0	0	0	921	1	1	0	1
42	4.5682	7.5026	3.8124	1.8751	0	0	0	0	0	0	0	0	0	0	0	0	0	0	0	0	421344	3473	516202	11699	5005	136105	9291	135353	9176	1	11083	0	0	10	4	19	2	1	0	0	0	0	0	0	2	2	22	0	39	1	0	1	0	0	0	1	0	0	0	0	899	1	1	0	1
43	4.5682	7.5026	3.8124	1.8855	0	0	0	0	0	0	0	0	0	0	0	0	0	0	0	0	422728	3541	517227	11924	4881	135693	9253	135768	9146	3	11790	1	0	12	0	20	1	2	0	0	0	0	0	0	1	0	22	0	30	2	0	2	0	0	0	0	0	0	0	1	924	0	0	0	2
44	4.5682	7.5026	3.8124	1.8958	0	0	0	0	0	0	0	0	0	0	0	0	0	0	0	0	422832	3603	519224	12070	5049	136634	9321	136419	8845	1	11319	1	1	15	0	17	1	4	0	0	0	0	0	0	2	1	23	1	38	0	1	0	0	0	0	0	0	1	0	2	922	0	1	0	2
45	4.5682	7.5026	3.8124	1.9061	0	0	0	0	0	0	0	0	0	0	0	0	0	0	0	0	421219	3625	516994	11866	4985	136593	9316	135589	9190	5	10447	0	1	12	0	17	1	1	0	0	0	0	0	0	1	0	14	1	40	0	0	0	0	0	0	0	0	0	0	0	924	0	0	0	0
46	4.5682	7.5026	3.8124	1.9163	0	0	0	0	0	0	0	0	0	0	0	0	0	0	0	0	419836	3619	515432	11930	5000	135839	9222	135778	9121	2	9425	2	0	12	1	19	0	1	0	0	0	0	1	0	0	0	26	1	36	0	0	0	0	0	0	0	0	0	0	0	862	0	0	0	0
47	4.5682	7.5026	3.8124	1.9265	0	0	0	0	0	0	0	0	0	0	0	0	0	0	0	0	419939	3731	513693	12018	4996	136887	9375	135988	9106	0	7649	1	0	13	1	25	0	2	0	0	0	0	0	0	2	0	16	1	30	0	0	0	0	0	0	0	0	0	0	0	941	0	1	0	0
48	4.5682	7.5026	3.8124	1.9366	0	0	0	0	0	0	0	0	0	0	0	0	0	0	0	0	420727	3613	515845	11910	5195	137715	9248	137067	9098	0	5882	1	0	11	0	20	0	5	0	0	0	0	0	0	2	0	18	1	33	1	0	0	0	0	0	0	0	0	0	0	956	1	0	0	0
49	4.5682	7.5026	3.8124	1.9467	0	0	0	0	0	0	0	0	0	0	0	0	0	0	0	0	418387	3664	513022	12031	5031	137562	9314	136672	8997	2	3945	0	1	18	3	33	1	3	0	0	1	0	0	0	0	0	25	0	38	1	0	0	0	0	0	0	1	0	0	0	978	0	1	0	0
50	4.5682	7.5026	3.8124	1.9567	0	0	0	0	0	0	0	0	0	0	0	0	0	0	0	0	416157	3662	510177	11972	5007	136671	9556	135848	9148	2	2416	0	1	13	1	25	1	6	0	0	0	0	0	0	1	1	23	1	41	0	0	0	0	0	0	0	0	0	0	1	865	0	0	0	0
51	4.5661	7.5014	3.8107	1.7000	0	0	0	0	0	0	0	0	0	0	0	0	0	0	0	0	418537	3583	515985	12062	4954	136179	9539	134962	9231	2	9787	0	0	8	0	18	0	1	0	0	0	0	0	0	3	0	23	1	33	0	0	2	0	1	0	1	0	0	0	1	892	0	1	0	0
52	4.5661	7.5014	3.8107	1.7115	0	0	0	0	0	0	0	0	0	0	0	0	0	0	0	0	420983	3572	517995	11966	5150	135916	9367	135155	8981	4	8415	2	0	8	0	21	3	1	0	0	0	0	0	0	2	2	17	1	28	2	0	0	0	0	0	0	0	0	0	1	872	0	0	0	1
53	4.5661	7.5014	3.8107	1.7229	0	0	0	0	0	0	0	0	0	0	0	0	0	0	0	0	419603	3552	515222	11897	5010	134941	9524	135188	9103	3	6616	0	1	16	3	22	0	2	0	0	0	0	0	0	0	1	20	0	36	1	0	1	0	1	0	0	0	1	0	0	895	0	0	0	0
54	4.5661	7.5014	3.8107	1.7342	0	0	0	0	0	0	0	0	0	0	0	0	0	0	0	0	420387	3591	516284	12231	4969	135991	9439	135360	9057	4	4775	2	0	13	0	18	1	6	0	0	0	0	0	0	1	2	31	0	39	2	0	0	0	0	0	0	0	0	0	0	919	0	1	0	1
55	4.5661	7.5014	3.8107	1.7454	0	0	0	0	0	0	0	0	0	0	0	0	0	0	0	0	415869	3635	512312	11981	5023	135810	9514	135118	9182	1	3064	2	0	9	0	23	1	0	0	0	0	0	0	0	2	2	14	0	38	0	0	0	0	0	0	0	0	0	1	1	846	0	0	0	1
56	4.5661	7.5014	3.8107	1.7566	0	0	0	0	0	0	0	0	0	0	0	0	0	0	0	0	415614	3559	511999	12066	5030	134918	9283	135171	9066	1	1698	2	2	16	2	25	1	2	0	0	0	0	0	0	1	0	17	2	39	1	0	0	0	0	0	0	0	0	0	0	845	0	0	0	0
57	4.5661	7.5014	3.8107	1.7677	0	0	0	0	0	0	0	0	0	0	0	0	0	0	0	0	415372	3563	509180	11896	4867	135076	9553	134545	9106	1	720	1	0	10	0	26	2	1	0	0	0	0	0	0	2	0	21	0	17	0	0	0	0	0	0	0	0	0	0	1	847	1	0	0	0
58	4.5661	7.5014	3.8107	1.7787	0	0	0	0	0	0	0	0	0	0	0	0	0	0	0	0	414558	3654	510297	12081	4888	135870	9555	134538	9035	4	300	1	0	16	0	27	0	4	0	0	0	0	0	0	1	0	29	0	34	1	0	0	0	0	0	0	0	0	0	0	963	0	0	0	0
59	4.5661	7.5014	3.8107	1.7897	0	0	0	0	0	0	0	0	0	0	0	0	0	0	0	0	414539	3749	510227	11941	4956	135535	9485	135023	9344	2	547	0	2	19	0	16	4	1	0	0	0	0	0	0	0	1	28	2	25	2	0	1	0	0	0	0	0	0	0	1	915	1	0	0	0
60	4.5661	7.5014	3.8107	1.8006	0	0	0	0	0	0	0	0	0	0	0	0	0	0	0	0	418237	3695	513791	12086	5018	136187	9343	135332	9171	1	1317	2	1	12	0	19	0	2	0	0	0	0	0	0	0	1	37	2	31	4	0	0	0	0	0	0	0	0	0	0	857	0	0	0	0
61	4.5661	7.5014	3.8107	1.8114	0	0	0	0	0	0	0	0	0	0	0	0	0	0	0	0	416970	3607	511358	12157	5022	135066	9438	135029	9186	0	2571	1	0	7	2	20	0	1	0	0	0	0	0	0	4	2	24	2	28	0	0	0	0	0	0	1	0	0	0	0	946	0	0	0	0
62	4.5661	7.5014	3.8107	1.8222	0	0	0	0	0	0	0	0	0	0	0	0	0	0	0	0	417042	3570	511815	11974	5123	135207	9427	134898	9052	3	4111	0	0	15	2	17	1	4	0	0	0	0	0	0	1	1	20	1	29	0	0	0	0	0	0	0	0	0	0	1	896	1	0	0	0
63	4.5661	7.5014	3.8107	1.8329	0	0	0	0	0	0	0	0	0	0	0	0	0	0	0	0	416531	3680	512717	12071	5067	134661	9466	134584	9039	1	5921	0	0	17	1	24	2	5	0	0	0	0	0	0	4	0	18	1	35	0	0	0	0	0	0	1	0	0	0	1	905	0	1	0	1
64	4.5661	7.5014	3.8107	1.8435	0	0	0	0	0	0	0	0	0	0	0	0	0	0	0	0	417474	3546	512927	12092	5017	136023	9603	134930	9191	2	7742	3	1	18	1	18	1	1	0	0	0	0	0	0	2	1	21	0	30	2	0	0	0	0	0	0	0	0	0	0	889	0	1	0	1
65	4.5661	7.5014	3.8107	1.8541	0	0	0	0	0	0	0	0	0	0	0	0	0	0	0	0	419811	3733	513444	12168	5066	135593	9303	135138	9114	1	9272	1	0	12	1	35	0	6	0	0	0	0	1	0	2	1	17	0	32	1	0	1	0	0	0	0	0	0	0	0	905	0	0	0	0
66	4.5661	7.5014	3.8107	1.8646	0	0	0	0	0	0	0	0	0	0	0	0	0	0	0	0	419163	3621	515229	12026	5089	135921	9362	134973	8907	6	10690	2	0	11	0	21	1	1	0	0	0	0	0	0	0	1	29	0	33	2	0	1	0	1	0	0	0	0	0	2	913	0	1	0	0
67	4.5661	7.5014	3.8107	1.8751	0	0	0	0	0	0	0	0	0	0	0	0	0	0	0	0	417622	3665	513300	12034	4987	134577	9373	133544	9206	1	11164	0	1	13	1	24	0	2	0	0	0	0	0	0	0	2	26	1	25	0	0	0	0	0	0	0	0	0	0	0	864	0	0	0	0
68	4.5661	7.5014	3.8107	1.8855	0	0	0	0	0	0	0	0	0	0	0	0	0	0	0	0	418985	3714	513971	11991	4888	135737	9487	134618	9241	1	11284	0	0	14	2	19	2	1	0	0	0	0	0	0	1	0	20	0	34	1	0	0	0	0	0	0	0	0	0	0	949	0	2	0	0
69	4.5661	7.5014	3.8107	1.8958	0	0	0	0	0	0	0	0	0	0	0	0	0	0	0	0	418435	3635	512374	11677	4938	135272	9375	134671	9016	1	10907	0	0	26	3	15	1	1	0	0	0	0	0	0	2	2	21	0	41	2	0	0	0	0	0	0	0	0	0	1	909	0	0	0	0
70	4.5661	7.5014	3.8107	1.9061	0	0	0	0	0	0	0	0	0	0	0	0	0	0	0	0	419127	3797	512627	12275	5067	135830	9504	134597	9164	1	10098	2	1	14	0	27	0	1	0	0	0	0	0	0	1	0	19	3	34	0	0	1	0	0	0	0	0	1	0	0	908	0	0	0	0
71	4.5661	7.5014	3.8107	1.9163	0	0	0	0	0	0	0	0	0	0	0	0	0	0	0	0	416787	3611	510586	11942	5036	135627	9575	134684	8908	2	8541	2	0	17	3	29	1	9	0	0	0	0	0	0	1	0	23	1	19	2	0	0	0	0	0	2	0	0	0	0	910	1	1	0	2
72	4.5661	7.5014	3.8107	1.9265	0	0	0	0	0	0	0	0	0	0	0	0	0	0	0	0	416519	3722	512171	11904	5074	135312	9474	135146	9226	1	6846	3	0	17	1	16	1	1	0	0	0	0	0	0	3	2	19	2	37	1	0	0	0	0	0	0	0	0	0	1	858	0	0	0	0
73	4.5661	7.5014	3.8107	1.9366	0	0	0	0	0	0	0	0	0	0	0	0	0	0	0	0	418685	3642	513975	11892	4995	136299	9461	135912	9001	4	5016	2	0	10	0	23	0	3	0	0	0	0	1	0	4	0	20	1	27	1	0	0	0	1	0	0	0	0	0	0	964	0	1	0	0
74	4.5661	7.5014	3.8107	1.9467	0	0	0	0	0	0	0	0	0	0	0	0	0	0	0	0	417858	3609	513540	11995	5066	136405	9475	136099	9141	0	3354	1	0	16	2	24	0	1	0	0	0	0	0	0	2	1	22	1	33	0	0	0	0	0	0	0	0	0	0	0	882	0	0	0	0
75	4.5661	7.5014	3.8107	1.9567	0	0	0	0	0	0	0	0	0	0	0	0	0	0	0	0	416972	3611	510390	11813	4963	135707	9450	135215	9161	4	1877	2	0	12	0	18	0	1	0	0	0	0	0	0	2	0	30	0	27	0	0	0	0	1	0	0	0	0	0	0	885	0	0	0	1
76	4.5640	7.5001	3.8089	1.7000	0	0	0	0	0	0	0	0	0	0	0	0	0	0	0	0	419643	3617	516645	12291	5021	134288	9611	132956	9016	2	9242	2	0	16	1	23	0	1	0	0	0	0	1	0	0	0	22	0	29	3	0	1	0	0	0	0	0	0	0	1	880	1	0	0	1
77	4.5640	7.5001	3.8089	1.7115	0	0	0	0	0	0	0	0	0	0	0	0	0	0	0	0	420076	3699	515892	11795	4937	134439	9573	133637	8986	3	7575	2	0	15	1	26	3	1	0	0	0	0	0	0	2	2	21	0	31	0	0	0	0	0	0	1	0	0	0	0	867	0	0	0	0
78	4.5640	7.5001	3.8089	1.7229	0	0	0	0	0	0	0	0	0	0	0	0	0	0	0	0	418399	3742	513677	11979	5037	134575	9337	133945	9009	2	5700	1	0	17	1	15	0	1	0	0	0	0	0	0	1	0	17	0	38	0	0	1	0	2	0	0	0	0	0	1	904	0	0	0	1
79	4.5640	7.5001	3.8089	1.7342	0	0	0	0	0	0	0	0	0	0	0	0	0	0	0	0	415921	3581	512564	12206	5095	133848	9325	133231	9048	2	4016	0	1	10	0	33	1	1	0	0	0	0	0	0	3	0	23	1	30	1	0	0	0	1	0	0	0	0	0	2	908	0	1	0	0
80	4.5640	7.5001	3.8089	1.7454	0	0	0	0	0	0	0	0	0	0	0	0	0	0	0	0	415316	3666	512245	12120	5056	134969	9374	133916	9272	1	2298	2	1	13	1	24	0	5	0	0	0	0	0	0	1	1	21	3	19	1	0	0	0	0	0	0	0	1	0	1	898	0	1	0	1
81	4.5640	7.5001	3.8089	1.7566	0	0	0	0	0	0	0	0	0	0	0	0	0	0	0	0	415639	3680	511679	11940	5110	135480	9493	134028	8963	4	1271	3	2	11	2	22	0	4	0	0	0	0	0	0	2	0	23	0	27	1	0	0	0	2	0	1	0	0	0	0	846	0	1	0	0
82	4.5640	7.5001	3.8089	1.7677	0	0	0	0	0	0	0	0	0	0	0	0	0	0	0	0	415112	3562	509380	11884	5051	134872	9328	134420	8977	3	455	1	0	16	1	22	2	2	0	0	0	0	0	0	0	3	10	1	28	1	0	0	0	1	0	0	0	0	0	1	858	0	1	0	0
83	4.5640	7.5001	3.8089	1.7787	0	0	0	0	0	0	0	0	0	0	0	0	0	0	0	0	413159	3613	507440	11880	4970	134511	9448	133851	9151	1	368	0	0	21	2	22	1	0	0	0	0	0	0	0	2	0	28	0	25	0	0	0	0	0	0	0	0	0	0	0	876	1	0	0	0
84	4.5640	7.5001	3.8089	1.7897	0	0	0	0	0	0	0	0	0	0	0	0	0	0	0	0	412763	3664	508494	12090	5008	133720	9381	133632	9168	3	848	0	1	16	2	24	1	2	0	0	0	0	0	0	0	2	14	1	33	0	0	1	0	0	0	0	0	0	0	0	917	1	0	0	0
85	4.5640	7.5001	3.8089	1.8006	0	0	0	0	0	0	0	0	0	0	0	0	0	0	0	0	414083	3567	508044	12003	4960	134934	9655	134436	8988	0	1854	1	0	18	1	25	0	1	0	0	0	0	0	0	1	0	21	4	21	2	0	0	0	1	0	0	0	0	0	1	863	0	0	0	0
86	4.5640	7.5001	3.8089	1.8114	0	0	0	0	0	0	0	0	0	0	0	0	0	0	0	0	415633	3619	510239	12238	4993	134248	9405	133795	8919	3	3291	1	0	11	0	24	1	2	0	0	0	0	0	0	1	0	16	1	28	1	0	0	0	1	0	0	0	0	0	0	926	0	0	0	0
87	4.5640	7.5001	3.8089	1.8222	0	0	0	0	0	0	0	0	0	0	0	0	0	0	0	0	416715	3639	512341	12054	5076	135056	9388	134219	9156	1	5041	0	0	16	0	9	0	1	0	0	0	0	0	0	1	0	20	0	33	1	0	1	0	0	0	0	0	1	0	0	923	1	2	0	1
88	4.5640	7.5001	3.8089	1.8329	0	0	0	0	0	0	0	0	0	0	0	0	0	0	0	0	416336	3654	511324	11924	5074	133726	9597	134103	9299	3	6752	1	0	13	3	15	0	1	0	0	0	0	0	0	3	0	27	1	34	3	0	0	0	1	0	0	0	0	0	1	887	0	2	0	0
89	4.5640	7.5001	3.8089	1.8435	0	0	0	0	0	0	0	0	0	0	0	0	0	0	0	0	417795	3508	512867	12148	5210	134633	9247	134033	9071	4	8516	1	0	19	2	23	1	1	1	0	0	0	0	0	0	0	21	1	33	2	0	0	0	0	0	0	0	0	0	0	834	0	0	0	0
90	4.5640	7.5001	3.8089	1.8541	0	0	0	0	0	0	0	0	0	0	0	0	0	0	0	0	415601	3621	510090	11988	5017	134486	9399	132981	9192	3	9772	5	0	19	0	22	1	2	0	0	0	0	0	0	1	1	23	2	33	1	0	0	0	0	0	1	0	0	0	1	832	0	1	0	1
91	4.5640	7.5001	3.8089	1.8646	0	0	0	0	0	0	0	0	0	0	0	0	0	0	0	0	414717	3697	507952	12049	4891	132845	9296	132519	9150	2	10648	0	0	18	0	17	0	1	0	0	1	0	0	0	1	3	23	0	35	1	1	0	0	1	0	1	0	0	0	0	836	0	1	0	0
92	4.5640	7.5001	3.8089	1.8751	0	0	0	0	0	0	0	0	0	0	0	0	0	0	0	0	416834	3615	509654	12079	4974	133577	9286	132354	8962	2	11172	0	0	9	0	19	0	2	0	0	0	0	0	0	2	2	21	0	37	1	0	0	0	0	0	0	0	1	0	1	844	0	0	0	0
93	4.5640	7.5001	3.8089	1.8855	0	0	0	0	0	0	0	0	0	0	0	0	0	0	0	0	415504	3555	509813	11968	5011	132799	9403	132950	9156	2	11263	1	0	15	1	19	0	2	0	0	1	0	0	0	1	0	19	1	33	0	0	0	0	0	0	1	0	1	0	0	908	0	0	0	0
94	4.5640	7.5001	3.8089	1.8958	0	0	0	0	0	0	0	0	0	0	0	0	0	0	0	0	413635	3563	508471	11976	4964	133263	9269	132361	8848	2	10362	1	2	15	1	17	0	4	0	0	0	0	0	0	0	0	24	1	33	2	0	0	0	0	0	0	0	0	0	0	801	0	1	0	1
95	4.5640	7.5001	3.8089	1.9061	0	0	0	0	0	0	0	0	0	0	0	0	0	0	0	0	415413	3576	509019	11914	5181	133454	9417	132426	9284	2	9253	0	0	17	3	30	1	1	0	0	0	0	0	0	0	0	15	0	31	0	0	0	0	0	0	0	0	0	0	1	857	0	0	0	0
96	4.5640	7.5001	3.8089	1.9163	0	0	0	0	0	0	0	0	0	0	0	0	0	0	0	0	412544	3637	507884	11992	4865	132881	9399	132150	9177	2	7708	3	1	11	0	23	1	3	0	0	0	0	0	0	1	0	21	2	22	2	0	0	0	0	0	0	0	1	0	1	863	1	2	0	0
97	4.5640	7.5001	3.8089	1.9265	0	0	0	0	0	0	0	0	0	0	0	0	0	0	0	0	413965	3708	508165	12005	4921	133888	9355	133984	9201	3	6058	2	0	10	0	21	1	1	0	0	0	0	1	0	1	0	15	0	28	1	0	0	0	0	0	0	0	0	0	0	834	0	0	1	1
98	4.5640	7.5001	3.8089	1.9366	0	0	0	0	0	0	0	0	0	0	0	0	0	0	0	0	412840	3477	505287	11976	4985	134050	9178	133068	8974	2	4088	1	1	21	0	17	0	6	0	0	0	0	1	0	2	1	10	1	34	1	0	0	0	0	0	0	0	0	0	0	830	0	1	0	0
99	4.5640	7.5001	3.8089	1.9467	0	0	0	0	0	0	0	0	0	0	0	0	0	0	0	0	411973	3507	505628	11923	5057	133929	9572	133058	8969	2	2527	0	1	15	3	19	1	2	0	0	0	0	0	0	1	0	21	1	44	0	0	0	0	1	0	1	0	0	0	2	882	1	0	0	0
100	4.5640	7.5001	3.8089	1.9567	0	0	0	0	0	0	0	0	0	0	0	0	0	0	0	0	411057	3642	506609	12179	5004	134358	9549	132934	9066	1	1273	2	0	15	2	18	2	1	0	0	0	0	0	0	0	0	20	1	38	1	0	0	0	1	0	1	0	0	0	0	859	0	0	0	0
101	4.5620	7.4988	3.8072	1.7000	0	0	0	0	0	0	0	0	0	0	0	0	0	0	0	0	412794	3657	509038	12029	5048	132394	9517	130813	9162	0	8489	1	0	15	1	18	0	3	0	0	0	0	1	0	2	0	22	0	23	1	0	0	0	1	0	1	0	0	0	0	899	0	0	0	0
102	4.5620	7.4988	3.8072	1.7115	0	0	0	0	0	0	0	0	0	0	0	0	0	0	0	0	413623	3644	510191	11983	5092	131590	9387	131485	9051	1	6835	2	0	14	0	20	0	4	0	0	0	0	0	0	0	1	20	2	34	1	0	1	0	0	0	0	0	0	0	0	838	0	0	0	0
103	4.5620	7.4988	3.8072	1.7229	0	0	0	0	0	0	0	0	0	0	0	0	0	0	0	0	413977	3572	508740	11873	5124	132090	9466	131559	9163	1	5005	2	1	15	0	21	0	1	0	0	0	0	0	0	1	1	16	0	32	1	0	0	0	0	0	0	0	0	0	0	864	2	0	0	0
104	4.5620	7.4988	3.8072	1.7342	0	0	0	0	0	0	0	0	0	0	0	0	0	0	0	0	410762	3557	505735	12011	4902	132339	9532	130465	9016	0	3248	1	0	8	0	25	0	3	0	0	0	0	0	0	1	0	21	1	27	3	0	0	0	0	0	0	0	0	0	0	846	0	0	0	0
105	4.5620	7.4988	3.8072	1.7454	0	0	0	0	0	0	0	0	0	0	0	0	0	0	0	0	406925	3556	500299	12030	4935	131291	9244	129635	8947	3	1812	2	1	8	0	17	1	2	0	0	0	0	0	0	1	1	16	2	38	0	0	0	0	0	0	0	0	0	0	0	868	1	1	0	0
106	4.5620	7.4988	3.8072	1.7566	0	0	0	0	0	0	0	0	0	0	0	0	0	0	0	0	408339	3629	504772	12063	4910	130829	9273	130617	9138	1	906	1	0	12	1	21	1	2	0	0	0	0	0	0	2	0	21	2	26	3	0	0	0	0	0	0	0	0	0	2	896	2	0	0	0
107	4.5620	7.4988	3.8072	1.7677	0	0	0	0	0	0	0	0	0	0	0	0	0	0	0	0	407142	3552	500537	11840	4975	130951	9360	130668	9017	1	363	1	0	8	1	24	2	3	0	0	0	0	0	0	0	0	18	0	32	1	0	0	0	0	0	0	0	2	0	1	824	1	0	0	0
108	4.5620	7.4988	3.8072	1.7787	0	0	0	0	0	0	0	0	0	0	0	0	0	0	0	0	404735	3605	499664	12129	4893	130948	9418	130533	9049	3	469	3	2	14	0	21	0	3	0	0	0	0	0	0	1	1	20	0	39	2	0	0	0	1	0	0	0	1	0	0	845	0	0	0	0
109	4.5620	7.4988	3.8072	1.7897	0	0	0	0	0	0	0	0	0	0	0	0	0	0	0	0	405623	3496	499874	12107	5139	131133	9423	130244	9017	2	1180	1	1	6	1	19	2	1	0	0	0	0	0	0	2	0	17	2	34	1	0	0	0	0	0	0	0	0	0	0	853	0	0	0	0
110	4.5620	7.4988	3.8072	1.8006	0	0	0	0	0	0	0	0	0	0	0	0	0	0	0	0	408506	3545	502400	12010	4911	131043	9620	130520	9013	2	2344	3	0	6	1	17	2	0	0	0	0	0	0	0	1	0	18	0	24	0	0	0	0	0	0	0	0	0	0	0	837	2	0	0	1
111	4.5620	7.4988	3.8072	1.8114	0	0	0	0	0	0	0	0	0	0	0	0	0	0	0	0	408835	3573	501944	12126	5125	130964	9234	130857	9168	2	3888	1	0	8	2	18	1	4	0	0	0	0	0	0	0	1	18	2	37	1	0	0	0	0	0	0	0	1	1	1	828	0	0	0	1
112	4.5620	7.4988	3.8072	1.8222	0	0	0	0	0	0	0	0	0	0	0	0	0	0	0	0	409594	3571	505038	11941	4913	131961	9500	130408	9119	1	5589	2	0	13	1	16	0	2	0	0	1	0	0	0	2	0	19	1	25	1	0	0	0	0	0	0	0	0	0	0	848	0	1	0	0
113	4.5620	7.4988	3.8072	1.8329	0	0	0	0	0	0	0	0	0	0	0	0	0	0	0	0	411394	3742	505720	12062	5034	131774	9400	131314	9067	0	7167	0	0	9	0	19	0	4	0	0	0	0	0	0	3	0	21	1	31	1	0	0	0	0	0	0	0	1	0	0	841	1	1	0	0
114	4.5620	7.4988	3.8072	1.8435	0	0	0	0	0	0	0	0	0	0	0	0	0	0	0	0	413288	3637	507205	12058	5017	132627	9655	131417	9008	3	8946	1	0	18	1	19	1	3	0	0	0	0	0	0	3	1	26	2	26	1	0	0	1	0	0	0	0	0	0	0	855	0	0	0	0
115	4.5620	7.4988	3.8072	1.8541	0	0	0	0	0	0	0	0	0	0	0	0	0	0	0	0	412185	3654	507991	12115	4984	132103	9561	131871	9151	1	10197	4	1	16	0	22	0	5	0	0	0	0	0	0	2	0	24	1	37	2	0	1	0	0	0	1	0	0	0	0	883	0	0	0	1
116	4.5620	7.4988	3.8072	1.8646	0	0	0	0	0	0	0	0	0	0	0	0	0	0	0	0	413314	3656	507622	11853	5196	132421	9371	131344	9118	1	11160	1	0	12	0	17	0	1	0	0	0	0	0	0	2	1	28	1	37	0	0	0	0	0	0	0	0	0	0	2	811	1	0	0	0
117	4.5620	7.4988	3.8072	1.8751	0	0	0	0	0	0	0	0	0	0	0	0	0	0	0	0	411330	3634	506846	11958	5162	131692	9545	131536	9242	2	11186	3	0	7	1	27	3	3	0	0	0	0	0	0	3	0	26	2	33	2	0	0	1	0	0	0	0	0	0	0	827	1	1	0	0
