Setting	Current1	Current2	Current3	Current4	Current5	Current6	Current7	Current8	15	263	27	275	43	291	75	323	141	389	153	401	169	417	201	449	1	2	4	8	16	32	64	128	256	3	5	9	17	33	65	129	257	6	10	18	34	66	130	258	12	20	36	68	132	260	24	40	72	136	264	48	80	144	272	96	160	288	192	320	384
1	4.2400	7.9320	4.2918	1.7000	0	0	0	0	0	0	0	0	0	0	0	0	0	0	0	0	3584	1940	12783	491602	488825	9150	8505	401571	8678	0	0	1	2	0	0	0	0	0	0	0	0	0	0	0	2	1	0	0	1	0	5437	1	8	1144	1	1	8	4607	1	0	2	0	1	0	1
2	4.2400	7.9320	4.2918	1.7116	0	0	0	0	0	0	0	0	0	0	0	0	0	0	0	0	3598	1981	12725	490319	485006	9179	8731	400956	8749	0	0	0	0	0	0	0	0	0	2	1	0	0	0	0	1	0	0	0	2	0	5272	1	9	2224	1	1	3	4672	0	0	2	0	0	0	1
3	4.2400	7.9320	4.2918	1.7230	0	0	0	0	0	0	0	0	0	0	0	0	0	0	0	0	3646	2029	12890	491401	486392	9115	8630	403464	8831	0	0	0	1	0	0	0	0	0	0	2	0	0	0	0	1	1	0	0	2	0	5285	1	4	3543	2	2	6	4573	0	0	2	0	1	1	2
4	4.2400	7.9320	4.2918	1.7344	0	0	0	0	0	0	0	0	0	0	0	0	0	0	0	0	3624	1953	12767	491373	486161	9152	8604	401005	8744	0	0	0	0	0	0	1	0	0	0	0	0	0	0	0	2	1	0	0	1	0	5112	0	8	4698	0	1	4	4516	0	0	0	0	0	0	0
5	4.2400	7.9320	4.2918	1.7458	0	0	0	0	0	0	0	0	0	0	0	0	0	0	0	0	3530	2012	12937	493299	485154	9128	8699	401698	8624	0	0	1	0	0	0	0	0	0	0	2	0	0	0	0	3	2	0	0	1	0	5252	2	4	6053	1	2	6	4668	2	0	4	0	4	0	1
6	4.2400	7.9320	4.2918	1.7570	0	0	0	0	0	0	0	0	0	0	0	0	0	0	0	0	3645	2015	12863	495088	488701	9025	8705	402620	8778	0	0	2	0	0	0	0	0	0	0	0	0	0	0	0	2	0	0	0	2	0	5245	0	2	7192	2	0	6	4673	1	0	2	0	10	0	1
7	4.2400	7.9320	4.2918	1.7682	0	0	0	0	0	0	0	0	0	0	0	0	0	0	0	0	3508	2074	12718	492998	485463	9053	8763	402068	8765	0	0	0	1	0	0	0	0	0	0	1	1	0	0	0	3	1	0	0	1	0	4969	0	3	8069	0	0	9	4672	1	0	2	0	5	0	0
8	4.2400	7.9320	4.2918	1.7793	0	0	0	0	0	0	0	0	0	0	0	0	0	0	0	0	3514	2077	12776	494562	488583	8954	8724	403518	8745	0	0	0	1	0	0	0	0	0	0	0	0	0	1	0	1	0	0	0	2	0	5060	0	0	8490	2	3	4	4715	1	0	2	0	6	1	1
9	4.2400	7.9320	4.2918	1.7904	0	0	0	0	0	0	0	0	0	0	0	0	0	0	0	0	3568	1954	12807	498235	488953	9089	8715	405405	8898	0	0	0	1	0	0	0	0	0	0	1	0	0	1	0	1	2	0	0	0	0	5032	2	0	8524	1	1	1	4892	1	0	0	0	6	0	1
10	4.2400	7.9320	4.2918	1.8013	0	0	0	0	0	0	0	0	0	0	0	0	0	0	0	0	3447	1989	12878	497449	489835	9129	8719	404372	8919	0	0	0	0	0	0	1	0	0	0	0	0	0	0	0	1	0	0	0	1	0	5050	1	4	7924	3	0	2	5016	0	0	2	0	5	0	1
11	4.2400	7.9320	4.2918	1.8122	0	0	0	0	0	0	0	0	0	0	0	0	0	0	0	0	3606	1932	12682	497897	490359	9179	8627	404243	8864	0	0	1	1	0	0	0	0	0	2	0	0	0	0	0	2	1	0	0	0	0	4971	1	1	7243	1	1	6	4994	2	0	0	0	4	0	2
12	4.2400	7.9320	4.2918	1.8231	0	0	0	0	0	0	0	0	0	0	0	0	0	0	0	0	3575	2045	12777	499693	491201	9091	8780	405576	8899	0	0	0	0	0	0	0	0	0	0	2	0	0	1	0	1	4	0	0	2	0	5227	1	4	6029	0	5	4	4798	0	0	0	0	2	0	1
13	4.2400	7.9320	4.2918	1.8339	0	0	0	0	0	0	0	0	0	0	0	0	0	0	0	0	3409	2007	12958	498420	489935	9259	8727	404007	8699	0	0	1	0	0	1	1	0	0	0	0	0	0	1	0	2	2	0	0	0	0	5108	1	2	4710	2	0	3	4755	0	0	0	0	2	0	1
14	4.2400	7.9320	4.2918	1.8446	0	0	0	0	0	0	0	0	0	0	0	0	0	0	0	0	3512	2099	12713	497243	491289	9109	8757	404057	8736	0	0	1	0	0	0	2	0	0	0	0	0	0	0	0	2	0	0	0	0	0	5223	2	1	3301	0	1	7	4825	1	0	0	0	2	0	0
15	4.2400	7.9320	4.2918	1.8552	0	0	0	0	0	0	0	0	0	0	0	0	0	0	0	0	3553	1967	12549	497034	487971	9167	8476	402128	8704	0	0	0	0	0	0	0	0	0	2	0	0	0	0	0	1	3	0	0	1	0	5061	2	3	2087	1	1	3	4874	2	0	0	0	2	0	2
16	4.2400	7.9320	4.2918	1.8658	0	0	0	0	0	0	0	0	0	0	0	0	0	0	0	0	3506	1980	12088	497164	491117	8648	8391	402154	8295	0	0	0	1	0	0	0	0	0	0	1	0	0	0	0	2	0	0	0	3	0	5364	1	5	1023	0	1	3	4802	2	0	0	0	3	0	0
17	4.2400	7.9320	4.2918	1.8764	0	0	0	0	0	0	0	0	0	0	0	0	0	0	0	0	3561	2015	12823	495425	489471	9175	8702	401839	8829	0	0	0	1	0	0	0	0	0	0	0	0	0	0	0	1	1	0	0	1	1	5368	2	9	421	1	2	3	4715	1	0	0	0	1	0	0
18	4.2400	7.9320	4.2918	1.8868	0	0	0	0	0	0	0	0	0	0	0	0	0	0	0	0	3461	1874	12229	496227	489479	8616	8282	400044	8430	0	0	0	0	0	0	0	0	0	0	0	0	0	0	0	1	1	0	0	2	1	5400	1	6	202	1	0	2	4579	1	0	0	0	1	0	0
19	4.2400	7.9320	4.2918	1.8973	0	0	0	0	0	0	0	0	0	0	0	0	0	0	0	0	3604	2042	12809	495661	488561	8935	8749	400824	8599	0	0	0	0	0	0	0	0	0	1	0	0	0	1	0	4	1	0	0	0	0	5373	2	5	415	0	1	3	4410	0	0	1	0	1	0	1
20	4.2400	7.9320	4.2918	1.9076	0	0	0	0	0	0	0	0	0	0	0	0	0	0	0	0	3477	1932	12499	494528	487579	8833	8403	400283	8579	0	0	0	0	0	0	0	0	0	1	0	0	0	0	0	0	0	0	0	2	0	5404	3	10	1078	4	0	4	4355	0	0	0	0	3	0	0
21	4.2400	7.9320	4.2918	1.9179	0	0	0	0	0	0	0	0	0	0	0	0	0	0	0	0	3514	1885	12389	495879	488688	8913	8539	400603	8613	0	0	0	1	0	0	0	0	0	0	0	0	0	0	0	3	2	0	0	2	0	5533	1	5	2129	1	3	5	4432	0	0	0	0	1	0	0
22	4.2400	7.9320	4.2918	1.9282	0	0	0	0	0	0	0	0	0	0	0	0	0	0	0	0	3375	1882	12396	495708	487027	8969	8534	400979	8532	0	0	0	0	0	0	0	0	0	1	1	0	0	0	0	3	2	0	0	3	0	5574	1	6	3367	1	2	4	4373	0	0	1	0	1	0	1
23	4.2400	7.9320	4.2918	1.9384	0	0	0	0	0	0	0	0	0	0	0	0	0	0	0	0	3470	1915	12592	497695	487957	8762	8525	402361	8424	0	0	0	1	0	0	1	0	0	0	1	0	0	1	0	3	2	0	0	3	0	5615	0	4	4868	2	1	2	4447	2	0	1	0	4	0	0
24	4.2400	7.9320	4.2918	1.9485	0	0	0	0	0	0	0	0	0	0	0	0	0	0	0	0	3537	1912	12390	495799	486456	8945	8267	401299	8514	0	1	1	0	0	0	0	0	0	0	0	0	0	2	0	2	0	0	0	1	0	5738	4	4	6204	0	2	4	4462	2	0	1	0	2	0	2
25	4.2400	7.9320	4.2918	1.9586	0	0	0	0	0	0	0	0	0	0	0	0	0	0	0	0	3447	1968	12693	495380	487600	9056	8597	401760	8672	0	0	1	0	0	0	1	0	0	0	1	0	0	0	0	1	0	0	0	1	0	5694	2	4	7128	0	0	2	4315	0	0	0	0	5	0	1
26	4.2422	7.9332	4.2934	1.7000	0	0	0	0	0	0	0	0	0	0	0	0	0	0	0	0	3628	1917	12691	493339	487932	9094	8499	403955	8699	0	0	3	0	0	0	1	0	0	0	0	0	0	0	0	0	0	0	0	0	0	5366	0	5	795	1	1	2	4581	0	0	1	0	3	0	2
27	4.2422	7.9332	4.2934	1.7116	0	0	0	0	0	0	0	0	0	0	0	0	0	0	0	0	3617	1917	12710	493808	489789	8949	8561	402947	8635	0	0	1	2	0	0	0	0	0	2	0	0	0	1	0	0	4	0	0	0	0	5378	1	8	1776	0	0	5	4629	1	0	2	0	3	0	0
28	4.2422	7.9332	4.2934	1.7230	0	0	0	0	0	0	0	0	0	0	0	0	0	0	0	0	3462	1936	12796	494702	487766	9050	8508	402945	8643	0	0	1	0	0	0	0	0	0	2	0	0	0	0	0	1	1	0	0	0	0	5197	2	3	2988	2	0	7	4558	2	0	2	0	3	0	1
29	4.2422	7.9332	4.2934	1.7344	0	0	0	0	0	0	0	0	0	0	0	0	0	0	0	0	3638	1907	12658	497627	491695	9157	8623	405364	8689	0	0	0	0	0	0	0	0	0	0	0	0	0	0	0	2	1	0	0	2	0	5271	3	7	4393	1	2	4	4664	1	0	4	0	2	0	0
30	4.2422	7.9332	4.2934	1.7458	0	0	0	0	0	0	0	0	0	0	0	0	0	0	0	0	3524	1923	12666	496417	489244	9057	8613	404592	8576	0	0	1	0	0	0	0	0	0	2	0	0	0	0	0	2	0	0	0	3	0	5191	0	2	5545	2	1	6	4743	0	0	1	0	3	0	1
31	4.2422	7.9332	4.2934	1.7570	0	0	0	0	0	0	0	0	0	0	0	0	0	0	0	0	3579	1988	12832	497831	490027	8970	8556	406499	8651	0	0	0	1	0	0	0	0	0	0	0	0	0	1	0	1	0	0	0	1	0	5140	1	3	6879	0	3	4	4870	1	0	3	0	9	0	1
32	4.2422	7.9332	4.2934	1.7682	0	0	0	0	0	0	0	0	0	0	0	0	0	0	0	0	3525	1885	12463	501458	489581	9046	8754	407382	8597	0	0	0	0	0	0	0	0	0	0	2	0	0	0	0	1	1	0	0	1	0	5168	1	0	7796	4	0	2	4781	3	0	3	0	1	0	1
33	4.2422	7.9332	4.2934	1.7793	0	0	0	0	0	0	0	0	0	0	0	0	0	0	0	0	3595	2000	12793	501265	493079	9097	8561	406731	8813	0	0	0	0	0	0	0	0	0	0	0	0	0	0	0	0	2	0	0	0	0	5196	2	0	8564	1	1	4	4892	0	0	1	0	6	0	1
34	4.2422	7.9332	4.2934	1.7904	0	0	0	0	0	0	0	0	0	0	0	0	0	0	0	0	3575	2010	12776	501296	492263	9055	8834	406225	8901	0	0	0	1	0	0	0	0	0	1	1	0	0	1	0	2	1	0	0	0	0	5189	1	0	8532	0	0	3	4965	0	0	0	0	3	0	2
35	4.2422	7.9332	4.2934	1.8013	0	0	0	0	0	0	0	0	0	0	0	0	0	0	0	0	3478	2012	12804	501543	494111	9009	8829	408116	8722	0	0	1	0	0	0	0	0	0	0	0	0	0	0	0	1	0	0	1	3	0	5145	1	0	8427	0	1	8	4938	0	0	1	0	6	0	0
36	4.2422	7.9332	4.2934	1.8122	0	0	0	0	0	0	0	0	0	0	0	0	0	0	0	0	3567	1996	12728	500680	493038	9025	8776	405821	8860	0	0	0	0	0	0	1	0	0	0	0	0	0	0	0	1	3	0	0	0	0	5226	2	4	7576	1	1	1	5042	2	0	1	0	2	0	2
37	4.2422	7.9332	4.2934	1.8231	0	0	0	0	0	0	0	0	0	0	0	0	0	0	0	0	3535	2028	12788	501653	494815	9205	8517	406616	8858	0	0	0	0	0	0	0	0	0	0	0	0	0	1	0	0	0	0	0	0	0	5187	1	4	6708	1	1	1	5054	0	0	2	0	5	0	1
38	4.2422	7.9332	4.2934	1.8339	0	0	0	0	0	0	0	0	0	0	0	0	0	0	0	0	3491	1973	12652	501480	494414	9296	8519	406725	8893	0	0	0	0	0	1	0	0	0	0	0	0	0	0	0	4	2	0	0	3	0	5188	1	5	5326	0	1	2	4830	4	0	1	1	5	0	1
39	4.2422	7.9332	4.2934	1.8446	0	0	0	0	0	0	0	0	0	0	0	0	0	0	0	0	3539	2091	12734	502511	495959	9117	8759	407186	8756	0	0	1	1	0	0	0	0	0	0	0	0	0	0	0	0	0	0	0	2	0	5132	3	6	3981	3	1	2	4952	1	0	1	0	5	0	1
40	4.2422	7.9332	4.2934	1.8552	0	0	0	0	0	0	0	0	0	0	0	0	0	0	0	0	3633	1930	12753	501475	494095	9051	8719	404654	8762	0	0	0	1	0	0	0	0	0	1	0	0	0	1	0	2	1	0	0	0	0	5413	2	8	2625	1	2	6	4807	1	0	1	0	2	0	1
41	4.2422	7.9332	4.2934	1.8658	0	0	0	0	0	0	0	0	0	0	0	0	0	0	0	0	3551	2042	12921	499939	492680	9363	8883	405307	8771	0	0	0	1	0	0	2	0	0	0	2	0	0	0	0	4	3	0	0	3	0	5126	0	5	1465	1	0	5	4914	4	0	2	0	3	0	1
42	4.2422	7.9332	4.2934	1.8764	0	0	0	0	0	0	0	0	0	0	0	0	0	0	0	0	3665	1996	12610	499114	493630	9175	8797	404303	8860	0	0	0	0	0	0	0	0	0	1	0	0	0	0	0	0	3	0	0	2	0	5400	2	7	615	0	2	5	4759	0	0	2	0	2	0	0
43	4.2422	7.9332	4.2934	1.8868	0	0	0	0	0	0	0	0	0	0	0	0	0	0	0	0	3505	2042	12884	499274	494889	9398	8685	403757	8657	0	0	2	1	0	0	1	0	0	0	0	0	0	1	0	1	0	0	0	0	0	5491	0	10	197	1	0	4	4710	0	0	0	0	2	0	0
44	4.2422	7.9332	4.2934	1.8973	0	0	0	0	0	0	0	0	0	0	0	0	0	0	0	0	3594	2018	12844	496874	493947	9175	8599	403224	8935	0	0	1	0	0	0	0	0	0	1	0	0	0	2	0	1	1	0	0	1	0	5540	1	15	267	3	1	2	4722	1	0	0	0	1	0	2
45	4.2422	7.9332	4.2934	1.9076	0	0	0	0	0	0	0	0	0	0	0	0	0	0	0	0	3699	1986	13029	498898	492790	9347	8647	405536	8843	0	0	0	0	0	0	0	0	0	0	1	0	0	0	0	1	0	0	0	2	0	5745	1	13	750	1	4	4	4599	1	0	1	0	1	0	1
46	4.2422	7.9332	4.2934	1.9179	0	0	0	0	0	0	0	0	0	0	0	0	0	0	0	0	3565	1923	12774	499129	492308	8961	8561	403189	8607	0	0	0	0	0	0	0	0	0	1	0	0	0	1	0	0	1	0	0	0	0	5597	3	6	1662	4	0	1	4600	2	0	0	0	2	0	0
47	4.2422	7.9332	4.2934	1.9282	0	0	0	0	0	0	0	0	0	0	0	0	0	0	0	0	3565	1994	12629	497758	491044	9196	8724	401836	8801	0	0	0	0	0	0	0	0	0	0	0	0	0	0	0	0	1	0	0	0	0	5599	1	5	2826	1	2	6	4567	2	0	1	0	3	0	0
48	4.2422	7.9332	4.2934	1.9384	0	0	0	0	0	0	0	0	0	0	0	0	0	0	0	0	3649	2098	12981	495814	490091	9134	8903	401767	8850	0	0	0	0	0	0	1	0	0	0	1	0	0	1	0	3	2	0	0	0	0	5617	1	1	4227	0	1	2	4342	0	0	3	0	4	0	0
49	4.2422	7.9332	4.2934	1.9485	0	0	0	0	0	0	0	0	0	0	0	0	0	0	0	0	3559	2015	12724	495254	490692	9207	8783	400942	8669	0	0	1	1	0	0	0	0	0	1	0	0	0	0	0	0	1	0	0	0	0	5592	5	5	5608	1	1	6	4372	0	0	1	0	3	0	0
50	4.2422	7.9332	4.2934	1.9586	0	0	0	0	0	0	0	0	0	0	0	0	0	0	0	0	3639	1980	12858	495626	491600	9116	8855	402777	8792	0	0	1	0	0	0	0	0	0	0	0	0	0	0	0	1	2	0	0	0	0	5785	2	5	6703	1	1	5	4471	0	0	2	0	5	0	2
51	4.2445	7.9344	4.2949	1.7000	0	0	0	0	0	0	0	0	0	0	0	0	0	0	0	0	3472	2011	12798	494630	493036	9226	8670	405596	8710	0	0	0	0	0	0	1	0	0	0	0	0	0	0	0	2	1	0	0	2	0	5619	1	10	448	0	2	4	4567	1	0	0	0	2	0	0
52	4.2445	7.9344	4.2949	1.7116	0	0	0	0	0	0	0	0	0	0	0	0	0	0	0	0	3527	2083	12813	492642	491211	9151	8598	403407	8874	0	0	0	1	0	0	3	0	0	1	0	0	0	0	0	0	3	0	0	4	0	5465	1	7	1224	1	3	4	4611	0	0	1	0	4	0	0
53	4.2445	7.9344	4.2949	1.7230	0	0	0	0	0	0	0	0	0	0	0	0	0	0	0	0	3386	1951	12663	492779	489957	9138	8703	402562	8640	0	0	0	1	0	0	0	0	0	0	0	0	0	0	0	1	0	0	0	2	0	5429	0	6	2248	2	2	1	4659	1	0	0	0	2	0	1
54	4.2445	7.9344	4.2949	1.7344	0	0	0	0	0	0	0	0	0	0	0	0	0	0	0	0	3491	2050	12683	494186	490036	9264	8688	403445	8768	0	0	0	0	0	0	0	0	0	0	0	0	0	0	0	2	1	0	0	1	0	5237	0	4	3616	2	0	2	4555	1	0	0	0	2	0	1
55	4.2445	7.9344	4.2949	1.7458	0	0	0	0	0	0	0	0	0	0	0	0	0	0	0	0	3557	1930	12621	492497	489086	9127	8639	403132	8627	0	0	1	0	0	0	1	1	0	0	0	0	0	0	0	0	2	0	0	2	0	5254	0	6	4872	3	0	6	4724	0	0	0	0	2	0	0
56	4.2445	7.9344	4.2949	1.7570	0	0	0	0	0	0	0	0	0	0	0	0	0	0	0	0	3517	2007	12805	492835	487913	9096	8775	402473	8437	0	0	0	0	0	0	0	0	0	0	1	0	0	0	0	2	1	0	0	0	0	5241	2	6	6297	1	1	6	4867	2	0	2	0	5	0	2
57	4.2445	7.9344	4.2949	1.7682	0	0	0	0	0	0	0	0	0	0	0	0	0	0	0	0	3487	2082	12984	494914	488555	8994	8742	403008	8796	0	0	0	0	0	0	0	0	0	0	0	0	0	1	0	1	0	0	0	1	0	5148	1	2	7432	0	2	6	4855	0	0	0	0	6	0	1
58	4.2445	7.9344	4.2949	1.7793	0	0	0	0	0	0	0	0	0	0	0	0	0	0	0	0	3545	2017	12709	495991	489732	9073	8716	404274	8713	0	0	0	0	0	0	1	0	0	0	0	0	0	0	1	1	0	0	0	2	0	5138	2	3	8017	0	2	7	4767	1	0	1	0	6	0	0
59	4.2445	7.9344	4.2949	1.7904	0	0	0	0	0	0	0	0	0	0	0	0	0	0	0	0	3513	1966	12797	499536	490326	9009	8734	405432	8756	0	0	0	1	0	0	0	0	0	0	1	0	0	0	0	2	2	0	0	1	0	5099	0	1	8490	0	0	5	4819	1	0	3	0	3	0	0
60	4.2445	7.9344	4.2949	1.8013	0	0	0	0	0	0	0	0	0	0	0	0	0	0	0	0	3476	1951	12895	498167	490682	8888	8703	404964	8813	0	0	1	1	0	0	0	0	0	0	0	0	0	0	0	1	1	0	0	0	0	5174	3	2	8416	0	0	3	4935	0	0	2	0	4	0	0
61	4.2445	7.9344	4.2949	1.8122	0	0	0	0	0	0	0	0	0	0	0	0	0	0	0	0	3582	1983	12933	496267	488466	9045	8464	403605	8681	0	0	1	2	0	0	1	0	0	0	0	0	0	2	0	2	3	0	0	1	0	4983	0	1	7980	1	2	3	4904	3	0	1	0	9	0	3
62	4.2445	7.9344	4.2949	1.8231	0	0	0	0	0	0	0	0	0	0	0	0	0	0	0	0	3485	1872	12647	499117	491944	9007	8629	404716	8578	0	0	0	0	0	0	0	0	0	0	0	0	0	0	0	0	3	0	0	1	0	5194	1	2	7101	0	2	8	4859	1	0	1	0	9	0	0
63	4.2445	7.9344	4.2949	1.8339	0	0	0	0	0	0	0	0	0	0	0	0	0	0	0	0	3526	1977	12559	500057	492138	8931	8731	405180	8791	0	0	2	0	0	0	1	0	0	0	2	0	0	1	0	1	3	0	0	2	0	5259	1	2	5858	1	1	2	4921	1	0	0	0	7	0	0
64	4.2445	7.9344	4.2949	1.8446	0	0	0	0	0	0	0	0	0	0	0	0	0	0	0	0	3595	1969	12610	497966	492113	8933	8723	404363	8705	0	0	2	0	0	0	0	0	0	0	1	0	0	0	0	0	1	0	0	1	0	5086	0	2	4658	1	3	3	4946	1	0	0	0	4	1	0
65	4.2445	7.9344	4.2949	1.8552	0	0	0	0	0	0	0	0	0	0	0	0	0	0	0	0	3531	2006	12556	498167	493240	8844	8556	402752	8918	0	0	0	1	0	0	0	0	0	0	0	0	0	2	0	3	2	0	0	1	0	5155	4	4	3055	1	1	5	4886	0	0	1	0	4	0	1
66	4.2445	7.9344	4.2949	1.8658	0	0	0	0	0	0	0	0	0	0	0	0	0	0	0	0	3509	1918	12765	496393	491637	9150	8620	400628	8724	0	0	0	1	0	0	0	0	0	0	0	0	0	0	0	1	2	0	0	2	0	5142	1	4	1847	2	2	2	4782	0	0	3	0	2	0	0
67	4.2445	7.9344	4.2949	1.8764	0	0	0	0	0	0	0	0	0	0	0	0	0	0	0	0	3337	1881	12712	493931	489489	9045	8561	399519	8597	0	0	0	1	0	0	1	0	0	1	0	0	0	0	0	1	0	0	0	0	0	5274	2	7	939	0	2	4	4790	1	0	0	0	0	0	0
68	4.2445	7.9344	4.2949	1.8868	0	0	0	0	0	0	0	0	0	0	0	0	0	0	0	0	3576	2006	12729	494859	490513	8927	8413	399940	8786	0	0	1	1	0	0	0	0	0	0	1	0	0	0	0	1	1	0	0	2	0	5238	0	8	291	1	1	4	4662	0	0	2	0	2	0	0
69	4.2445	7.9344	4.2949	1.8973	0	0	0	0	0	0	0	0	0	0	0	0	0	0	0	0	3509	2044	12747	494234	490812	9134	8555	399668	8786	0	0	0	1	0	0	0	0	0	1	0	0	0	0	0	1	4	0	0	0	0	5405	2	4	130	1	0	2	4714	1	0	2	0	0	0	1
70	4.2445	7.9344	4.2949	1.9076	0	0	0	0	0	0	0	0	0	0	0	0	0	0	0	0	3583	1977	12634	492724	489390	8710	8651	400334	8690	0	0	1	1	0	0	1	0	0	0	0	0	0	1	0	1	1	0	0	1	0	5331	2	3	436	0	3	2	4600	0	0	2	0	0	0	0
71	4.2445	7.9344	4.2949	1.9179	0	0	0	0	0	0	0	0	0	0	0	0	0	0	0	0	3478	1980	12664	495727	490838	9051	8472	401140	8616	0	0	1	0	0	0	0	0	0	0	0	0	0	0	0	3	0	0	0	0	0	5526	0	6	1102	3	3	6	4700	0	0	0	0	2	0	0
72	4.2445	7.9344	4.2949	1.9282	0	0	0	0	0	0	0	0	0	0	0	0	0	0	0	0	3555	2021	12848	495544	491261	8840	8626	400493	8634	0	0	0	0	0	0	0	0	0	0	0	0	0	0	0	2	0	0	0	3	0	5562	1	4	2260	1	2	8	4428	2	0	0	0	0	0	1
73	4.2445	7.9344	4.2949	1.9384	0	0	0	0	0	0	0	0	0	0	0	0	0	0	0	0	3412	2001	12986	493751	489069	9131	8685	399531	8796	0	0	1	1	0	0	1	0	0	0	0	0	0	1	0	0	2	0	0	1	0	5638	2	12	3503	2	2	1	4403	0	0	2	0	1	0	3
74	4.2445	7.9344	4.2949	1.9485	0	0	0	0	0	0	0	0	0	0	0	0	0	0	0	0	3462	1922	12579	494522	489428	9101	8878	400856	8869	0	0	0	1	0	0	0	0	0	2	0	0	0	0	0	0	0	0	0	1	0	5685	1	5	4993	1	2	5	4677	1	0	1	0	3	0	1
75	4.2445	7.9344	4.2949	1.9586	0	0	0	0	0	0	0	0	0	0	0	0	0	0	0	0	3522	1970	12763	495199	490868	9000	8805	401724	8697	0	0	1	1	0	0	0	0	0	0	1	0	0	1	0	1	0	0	0	1	0	5607	4	1	6277	2	2	6	4413	2	0	0	0	3	0	0
76	4.2467	7.9356	4.2965	1.7000	0	0	0	0	0	0	0	0	0	0	0	0	0	0	0	0	3535	1936	12750	492386	494851	9055	8510	403591	8720	0	0	0	0	0	0	0	0	0	0	0	0	0	0	0	0	4	0	0	2	0	5629	0	5	256	1	2	5	4625	1	0	0	0	2	0	0
77	4.2467	7.9356	4.2965	1.7116	0	0	0	0	0	0	0	0	0	0	0	0	0	0	0	0	3546	2000	12720	495882	493943	9121	8588	403371	8731	0	0	1	0	0	0	0	0	0	0	1	0	0	0	0	1	3	0	0	3	0	5761	0	10	919	0	1	4	4626	0	0	0	0	1	0	0
78	4.2467	7.9356	4.2965	1.7230	0	0	0	0	0	0	0	0	0	0	0	0	0	0	0	0	3498	1950	12746	495344	495625	9116	8448	403771	8942	0	0	0	0	0	0	0	0	0	0	2	0	0	1	0	3	0	0	0	3	0	5494	1	6	1784	3	5	3	4713	3	0	1	0	6	0	1
79	4.2467	7.9356	4.2965	1.7344	0	0	0	0	0	0	0	0	0	0	0	0	0	0	0	0	3610	1929	12876	495600	492410	8923	8668	404279	8714	0	0	0	0	0	0	2	0	0	0	0	0	0	1	0	1	1	0	0	1	0	5338	3	4	3010	1	5	2	4651	3	0	0	0	0	0	0
80	4.2467	7.9356	4.2965	1.7458	0	0	0	0	0	0	0	0	0	0	0	0	0	0	0	0	3502	1881	12826	495233	493156	9047	8744	404026	8779	0	0	0	0	0	0	0	0	0	2	1	0	0	0	0	1	2	0	0	0	0	5386	0	4	4380	1	2	3	4748	1	0	1	0	3	1	0
81	4.2467	7.9356	4.2965	1.7570	0	0	0	0	0	0	0	0	0	0	0	0	0	0	0	0	3404	2006	12916	496258	492634	8908	8502	404696	8862	0	0	0	0	0	0	0	0	0	0	0	0	0	0	0	1	1	0	0	1	0	5346	1	0	5624	1	3	6	4747	2	0	1	0	3	0	0
82	4.2467	7.9356	4.2965	1.7682	0	0	0	0	0	0	0	0	0	0	0	0	0	0	0	0	3586	1929	12785	493976	490619	8892	8644	403197	8716	0	0	0	1	0	0	0	0	0	0	0	0	0	0	0	2	1	0	0	2	0	5261	2	4	6861	1	1	4	4734	2	0	1	0	7	0	1
83	4.2467	7.9356	4.2965	1.7793	0	0	0	0	0	0	0	0	0	0	0	0	0	0	0	0	3589	1969	12727	497248	493656	8944	8471	404289	8669	0	0	1	1	0	0	2	0	0	0	1	0	0	0	0	2	2	0	0	0	0	5333	1	0	7981	0	0	3	4767	1	0	0	0	4	0	1
84	4.2467	7.9356	4.2965	1.7904	0	0	0	0	0	0	0	0	0	0	0	0	0	0	0	0	3611	1949	12617	497871	493928	9199	8490	404622	8571	0	0	0	1	0	0	0	0	0	0	0	0	0	0	0	0	1	0	0	0	0	5380	1	3	8414	0	2	7	4820	1	0	2	0	4	0	2
85	4.2467	7.9356	4.2965	1.8013	0	0	0	0	0	0	0	0	0	0	0	0	0	0	0	0	3349	2014	12615	499994	494991	9101	8513	405654	8700	0	0	0	1	0	0	0	0	0	0	1	0	0	0	0	0	0	0	0	0	0	5085	0	1	8705	1	2	6	4983	0	0	0	0	5	0	0
86	4.2467	7.9356	4.2965	1.8122	0	0	0	0	0	0	0	0	0	0	0	0	0	0	0	0	3532	1928	12848	499091	493947	9034	8712	404806	8680	0	0	0	0	0	0	0	0	0	1	0	0	0	1	0	2	2	0	0	1	0	5104	1	0	8327	0	1	2	4935	0	0	3	0	4	0	1
87	4.2467	7.9356	4.2965	1.8231	0	0	0	0	0	0	0	0	0	0	0	0	0	0	0	0	3571	1971	12509	498541	492786	9103	8557	403682	8565	0	0	1	0	0	0	0	0	0	1	0	0	0	0	0	3	2	0	0	2	0	5222	2	3	7671	0	1	2	4945	1	0	4	0	8	0	0
88	4.2467	7.9356	4.2965	1.8339	0	0	0	0	0	0	0	0	0	0	0	0	0	0	0	0	3510	1969	12751	495183	490762	8970	8678	402566	8631	0	0	0	2	0	0	0	0	0	0	0	0	0	0	0	1	1	0	0	1	0	5164	1	3	6582	1	3	3	4928	0	0	2	0	5	0	2
89	4.2467	7.9356	4.2965	1.8446	0	0	0	0	0	0	0	0	0	0	0	0	0	0	0	0	3487	1970	12880	495711	490622	8956	8511	402786	8816	0	0	0	2	0	0	0	0	0	0	1	0	0	1	0	0	0	0	0	0	1	5265	0	2	5270	2	4	4	4956	0	0	0	0	5	0	0
90	4.2467	7.9356	4.2965	1.8552	0	0	0	0	0	0	0	0	0	0	0	0	0	0	0	0	3505	1949	12566	496802	491318	8967	8524	401382	8552	0	0	0	0	0	0	0	0	0	0	1	0	0	0	0	1	1	0	0	0	0	5196	5	4	3898	1	0	4	4835	0	0	0	0	3	0	2
91	4.2467	7.9356	4.2965	1.8658	0	0	0	0	0	0	0	0	0	0	0	0	0	0	0	0	3450	1960	12719	498754	493822	9042	8480	403521	8589	0	0	1	0	0	0	0	0	0	0	0	0	0	0	0	1	0	0	0	0	1	5379	3	5	2604	1	3	4	4869	0	0	1	0	4	0	0
92	4.2467	7.9356	4.2965	1.8764	0	0	0	0	0	0	0	0	0	0	0	0	0	0	0	0	3527	1923	12637	497705	491340	8949	8484	403240	8681	0	0	1	2	0	0	1	0	0	0	0	0	0	1	0	3	4	0	1	3	0	5223	2	9	1438	0	1	5	4926	0	0	2	0	3	0	1
93	4.2467	7.9356	4.2965	1.8868	0	0	0	0	0	0	0	0	0	0	0	0	0	0	0	0	3429	1944	12750	496436	494277	8913	8514	401466	8784	0	0	0	1	0	0	0	0	0	0	1	0	0	0	0	3	0	0	0	0	0	5373	2	6	568	1	2	4	4803	2	0	0	0	0	0	1
94	4.2467	7.9356	4.2965	1.8973	0	0	0	0	0	0	0	0	0	0	0	0	0	0	0	0	3679	1963	12722	494632	493650	9155	8509	400781	8639	0	0	0	0	0	0	1	0	0	0	0	0	0	0	0	1	5	0	0	0	0	5333	1	11	178	0	1	1	4832	0	0	0	0	1	0	2
95	4.2467	7.9356	4.2965	1.9076	0	0	0	0	0	0	0	0	0	0	0	0	0	0	0	0	3485	1961	12960	494294	494682	9152	8540	400497	8698	0	0	1	0	0	0	0	0	0	0	1	0	0	0	0	2	0	0	0	1	0	5408	2	9	229	2	2	3	4874	1	0	3	0	3	0	1
96	4.2467	7.9356	4.2965	1.9179	0	0	0	0	0	0	0	0	0	0	0	0	0	0	0	0	3459	1920	12487	496892	495667	8991	8559	401771	8614	0	0	0	0	0	0	0	0	0	1	1	0	0	0	0	0	1	0	0	3	0	5525	2	5	751	1	2	4	4704	1	0	1	0	1	0	2
97	4.2467	7.9356	4.2965	1.9282	0	0	0	0	0	0	0	0	0	0	0	0	0	0	0	0	3572	2026	12535	495584	491813	8967	8376	400422	8710	0	0	0	0	0	0	0	0	0	0	0	0	0	0	0	1	2	0	0	0	0	5412	1	7	1722	0	3	3	4765	1	0	2	0	2	0	0
98	4.2467	7.9356	4.2965	1.9384	0	0	0	0	0	0	0	0	0	0	0	0	0	0	0	0	3480	2018	12695	495140	490835	8845	8454	400497	8783	0	0	0	0	0	0	0	0	0	1	0	0	0	0	0	1	1	0	0	1	0	5428	1	7	2864	1	0	4	4663	0	0	2	0	0	0	0
99	4.2467	7.9356	4.2965	1.9485	0	0	0	0	0	0	0	0	0	0	0	0	0	0	0	0	3431	1959	12630	494896	491556	9395	8512	401292	8835	0	0	1	1	0	0	0	0	0	0	0	0	0	0	0	9	2	5	2	3	0	5576	5	9	4176	2	1	2	4647	0	3	5	0	0	0	0
100	4.2467	7.9356	4.2965	1.9586	0	0	0	0	0	0	0	0	0	0	0	0	0	0	0	0	3525	1970	12799	493567	490774	8832	8524	400942	8759	0	0	0	0	0	0	1	0	0	1	0	0	0	1	0	2	3	0	0	0	0	5680	1	5	5607	1	2	3	4500	3	0	0	0	1	0	1
101	4.2489	7.9368	4.2980	1.7000	0	0	0	0	0	0	0	0	0	0	0	0	0	0	0	0	3532	2023	12691	493464	495183	9163	8429	404545	8723	0	0	0	0	0	0	1	0	0	0	2	0	0	1	0	1	1	0	0	1	0	5812	2	6	149	1	3	2	4579	2	0	0	0	0	0	1
102	4.2489	7.9368	4.2980	1.7116	0	0	0	0	0	0	0	0	0	0	0	0	0	0	0	0	3509	1950	12639	493055	492526	9172	8641	402894	8746	0	0	0	0	0	0	0	0	0	0	1	0	0	0	0	4	1	0	0	0	0	5710	0	7	508	4	3	3	4607	0	0	2	0	1	0	1
103	4.2489	7.9368	4.2980	1.7230	0	0	0	0	0	0	0	0	0	0	0	0	0	0	0	0	3585	1908	12972	492954	495683	9025	8659	403992	8740	0	0	0	0	0	0	0	0	0	0	0	0	0	0	0	1	1	0	0	0	0	5603	5	6	1322	1	5	3	4562	1	0	1	0	1	0	0
104	4.2489	7.9368	4.2980	1.7344	0	0	0	0	0	0	0	0	0	0	0	0	0	0	0	0	3746	2102	12761	494360	494437	9093	8687	402180	8731	0	0	0	0	0	0	0	0	0	0	0	0	0	0	0	2	2	0	0	0	0	5579	2	6	2338	0	1	5	4697	0	0	1	0	2	0	3
105	4.2489	7.9368	4.2980	1.7458	0	0	0	0	0	0	0	0	0	0	0	0	0	0	0	0	3502	1993	12822	491880	491604	9009	8544	402721	8592	0	0	0	0	0	0	0	0	0	0	0	0	0	1	0	0	1	0	0	1	0	5456	0	2	3682	2	1	3	4677	2	0	0	0	3	0	0
106	4.2489	7.9368	4.2980	1.7570	0	0	0	0	0	0	0	0	0	0	0	0	0	0	0	0	3543	1986	12718	494253	491267	9150	8610	403208	8684	0	0	1	1	0	0	0	0	0	0	2	0	0	0	0	2	0	0	0	0	0	5245	2	10	4962	0	2	2	4648	0	0	2	0	1	0	0
107	4.2489	7.9368	4.2980	1.7682	0	0	0	0	0	0	0	0	0	0	0	0	0	0	0	0	3526	1988	12928	496928	492371	8988	8629	404476	8748	0	0	0	0	0	0	1	0	0	0	1	0	0	2	0	3	2	0	0	2	0	5454	1	2	6337	0	1	4	4818	0	0	0	0	7	0	1
108	4.2489	7.9368	4.2980	1.7793	0	0	0	0	0	0	0	0	0	0	0	0	0	0	0	0	3594	1921	12547	496995	493016	8970	8557	403963	8758	0	0	0	0	0	0	0	0	0	0	1	0	0	0	0	1	1	1	0	3	0	5434	1	3	7388	0	2	2	4858	1	0	2	0	9	1	0
109	4.2489	7.9368	4.2980	1.7904	0	0	0	0	0	0	0	0	0	0	0	0	0	0	0	0	3596	1968	12827	496931	491571	8987	8765	404516	8706	0	0	0	0	0	0	0	0	0	0	0	0	0	0	0	0	0	0	0	3	0	5320	3	5	8134	0	5	5	4950	0	0	1	0	6	0	0
110	4.2489	7.9368	4.2980	1.8013	0	0	0	0	0	0	0	0	0	0	0	0	0	0	0	0	3598	2009	12734	498063	493187	9152	8492	404961	8728	0	0	0	0	0	0	0	0	0	0	0	0	0	0	0	2	0	0	0	1	0	5200	0	2	8635	0	6	2	4939	3	0	0	0	7	0	1
111	4.2489	7.9368	4.2980	1.8122	0	0	0	0	0	0	0	0	0	0	0	0	0	0	0	0	3538	1992	12727	499085	490884	9087	8805	405609	8652	0	0	0	2	0	0	0	0	0	2	0	0	0	1	0	1	0	0	1	0	1	5336	1	1	8635	1	0	4	4905	1	0	2	0	8	0	0
112	4.2489	7.9368	4.2980	1.8231	0	0	0	0	0	0	0	0	0	0	0	0	0	0	0	0	3707	1979	12825	500239	493137	9190	8690	406296	8624	0	0	0	1	0	0	0	0	0	1	0	0	0	0	0	1	1	0	0	2	0	5228	1	0	8232	1	1	8	4796	1	0	1	0	3	0	0
113	4.2489	7.9368	4.2980	1.8339	0	0	0	0	0	0	0	0	0	0	0	0	0	0	0	0	3579	1960	12712	501017	495748	9057	8869	406227	8907	0	0	1	1	0	0	0	0	0	1	0	0	0	1	0	2	0	0	0	1	0	5266	2	1	7253	1	1	4	4989	0	0	0	0	6	0	1
114	4.2489	7.9368	4.2980	1.8446	0	0	0	0	0	0	0	0	0	0	0	0	0	0	0	0	3501	1973	12604	501168	495097	9219	8612	405927	8715	0	0	0	0	0	0	1	0	0	0	0	0	0	0	0	3	0	0	0	2	0	5284	2	3	5963	0	2	6	5025	0	0	1	0	5	0	0
115	4.2489	7.9368	4.2980	1.8552	0	0	0	0	0	0	0	0	0	0	0	0	0	0	0	0	3618	2012	12812	499261	493361	9070	8657	404714	8868	0	0	0	1	0	0	0	0	0	0	1	0	0	0	0	1	1	0	0	2	0	5278	4	4	4589	2	0	3	5003	0	0	1	0	4	0	0
116	4.2489	7.9368	4.2980	1.8658	0	0	0	0	0	0	0	0	0	0	0	0	0	0	0	0	3562	2050	12730	500428	496090	9152	8785	405085	8605	0	0	0	0	0	0	0	0	0	0	0	0	0	0	0	0	1	0	0	0	0	5370	2	4	3166	0	0	1	4983	1	0	2	0	2	0	0
117	4.2489	7.9368	4.2980	1.8764	0	0	0	0	0	0	0	0	0	0	0	0	0	0	0	0	3618	2018	12601	498953	495510	9155	8632	405663	8768	0	1	0	1	0	0	1	0	0	3	0	0	0	0	0	2	2	0	0	1	0	5411	1	6	1961	0	1	2	4932	2	0	2	0	3	0	0
118	4.2489	7.9368	4.2980	1.8868	0	0	0	0	0	0	0	0	0	0	0	0	0	0	0	0	3593	1965	12927	498632	494604	9264	8650	403226	8829	0	0	0	0	0	0	0	0	0	1	0	0	0	0	0	0	2	0	0	2	0	5323	1	6	939	0	1	6	4948	3	0	0	0	1	0	0
119	4.2489	7.9368	4.2980	1.8973	0	0	0	0	0	0	0	0	0	0	0	0	0	0	0	0	3573	2060	12668	495302	492694	9130	8755	401295	8871	0	0	0	2	0	0	1	0	0	0	0	0	0	0	1	1	1	0	0	0	0	5333	1	9	290	1	1	1	4730	2	0	0	0	1	0	0
120	4.2489	7.9368	4.2980	1.9076	0	0	0	0	0	0	0	0	0	0	0	0	0	0	0	0	3532	1951	12804	495597	492805	8994	8680	401548	8749	0	0	0	0	0	0	0	0	0	0	0	0	0	0	0	1	2	0	0	2	0	5408	2	8	159	1	0	5	4764	0	0	1	0	2	0	1
121	4.2489	7.9368	4.2980	1.9179	0	0	0	0	0	0	0	0	0	0	0	0	0	0	0	0	3601	2015	12876	493990	493186	9042	8740	399505	8756	0	0	0	0	0	0	1	0	0	0	0	0	0	1	0	2	1	0	0	1	0	5484	1	3	484	0	0	3	4700	1	0	1	0	3	0	1
122	4.2489	7.9368	4.2980	1.9282	0	0	0	0	0	0	0	0	0	0	0	0	0	0	0	0	3589	2109	12876	493243	492059	9110	8659	399411	8653	0	0	0	0	0	0	0	0	0	0	2	0	0	2	0	3	2	0	0	0	0	5382	0	8	1168	0	1	2	4602	1	0	1	0	0	0	1
123	4.2489	7.9368	4.2980	1.9384	0	0	0	0	0	0	0	0	0	0	0	0	0	0	0	0	3552	2040	12695	495325	492354	9273	8652	399356	8439	0	0	0	0	0	0	0	0	0	0	0	0	0	0	0	0	2	0	0	2	0	5624	2	8	2393	0	3	2	4591	0	0	2	0	0	0	0
124	4.2489	7.9368	4.2980	1.9485	0	0	0	0	0	0	0	0	0	0	0	0	0	0	0	0	3530	2046	12900	494944	493753	9177	8664	401306	8785	0	0	0	2	0	0	0	0	0	0	0	0	0	0	0	2	0	0	0	1	0	5724	2	6	3534	1	0	6	4648	1	0	1	0	2	0	0
125	4.2489	7.9368	4.2980	1.9586	0	0	0	0	0	0	0	0	0	0	0	0	0	0	0	0	3575	2028	12850	496280	494972	9062	8735	402172	8942	0	0	0	1	0	0	0	0	0	0	1	0	0	2	0	1	2	0	0	2	0	5717	1	4	5028	1	1	3	4604	0	0	1	0	6	0	0
126	4.2511	7.9379	4.2996	1.7000	0	0	0	0	0	0	0	0	0	0	0	0	0	0	0	0	3566	2068	12751	493243	494740	9279	8657	403464	8735	0	0	1	0	0	0	0	0	0	1	0	0	0	1	0	0	2	0	0	1	0	5734	1	6	141	2	2	10	4440	1	0	1	0	0	0	1
127	4.2511	7.9379	4.2996	1.7116	0	0	0	0	0	0	0	0	0	0	0	0	0	0	0	0	3548	2026	12837	493022	494474	9078	8728	401463	8508	0	0	0	1	0	0	0	0	0	0	0	0	0	0	0	2	2	0	0	0	0	5804	3	7	288	1	1	9	4606	0	0	0	0	0	0	1
128	4.2511	7.9379	4.2996	1.7230	0	0	0	0	0	0	0	0	0	0	0	0	0	0	0	0	3611	1984	12871	490276	491568	9236	8559	400036	8693	0	0	1	0	0	0	0	0	0	0	0	0	0	0	0	0	0	0	0	3	0	5780	0	6	879	0	3	4	4533	1	0	0	0	0	0	0
129	4.2511	7.9379	4.2996	1.7344	0	0	0	0	0	0	0	0	0	0	0	0	0	0	0	0	3584	2054	12771	491958	490871	9158	8650	401117	8759	0	0	0	0	0	0	0	0	0	0	0	0	0	0	0	1	3	0	0	1	0	5671	1	7	1889	1	0	5	4609	0	0	1	0	3	0	0
130	4.2511	7.9379	4.2996	1.7458	0	0	0	0	0	0	0	0	0	0	0	0	0	0	0	0	3707	2075	12730	493467	492922	9130	8876	402308	8772	0	0	1	1	0	0	0	0	0	1	0	0	0	0	0	1	2	1	0	0	0	5496	1	3	3126	0	2	3	4558	3	0	2	0	3	0	0
131	4.2511	7.9379	4.2996	1.7570	0	0	0	0	0	0	0	0	0	0	0	0	0	0	0	0	3528	1998	12834	494371	493243	9178	8684	402842	8614	0	0	1	0	0	0	0	0	0	0	0	0	0	0	0	2	2	0	0	2	0	5453	3	3	4519	0	2	1	4634	2	0	1	0	5	0	1
132	4.2511	7.9379	4.2996	1.7682	0	0	0	0	0	0	0	0	0	0	0	0	0	0	0	0	3498	1947	12671	495120	492712	8990	8730	402680	8687	0	0	0	2	0	0	1	0	0	0	1	0	0	0	0	3	1	1	0	1	0	5517	1	7	5598	1	0	2	4655	2	0	1	0	9	0	1
133	4.2511	7.9379	4.2996	1.7793	0	0	0	0	0	0	0	0	0	0	0	0	0	0	0	0	3565	2059	12869	495984	493477	9044	8594	404157	8766	0	0	1	2	0	0	2	0	0	0	1	0	0	0	0	1	1	0	0	2	0	5377	1	1	6831	1	2	5	4780	1	0	2	0	2	0	1
134	4.2511	7.9379	4.2996	1.7904	0	0	0	0	0	0	0	0	0	0	0	0	0	0	0	0	3490	2015	12821	498850	494230	9150	8770	405154	8854	0	0	0	0	0	0	1	0	0	1	0	0	0	0	0	1	2	0	1	0	0	5419	0	1	7949	0	3	3	4948	1	0	1	0	4	0	0
135	4.2511	7.9379	4.2996	1.8013	0	0	0	0	0	0	0	0	0	0	0	0	0	0	0	0	3600	1960	12726	500178	493721	9020	8830	404893	8763	0	0	0	0	0	0	0	0	0	1	0	0	0	0	0	2	1	0	0	0	0	5200	0	2	8375	0	1	3	4918	1	0	1	0	6	0	0
136	4.2511	7.9379	4.2996	1.8122	0	0	0	0	0	0	0	0	0	0	0	0	0	0	0	0	3514	2051	12774	497108	493149	9192	8640	404991	8535	0	0	0	2	0	0	0	0	0	0	0	0	0	0	0	1	2	0	0	1	0	5282	0	0	8555	2	1	7	5018	0	0	1	0	4	0	0
137	4.2511	7.9379	4.2996	1.8231	0	0	0	0	0	0	0	0	0	0	0	0	0	0	0	0	3461	2032	12599	499667	494625	9108	8615	404125	8690	0	0	1	0	0	0	1	0	0	1	0	0	0	0	0	4	1	0	0	4	0	5254	1	0	8438	1	1	2	4924	0	0	1	0	8	0	0
138	4.2511	7.9379	4.2996	1.8339	0	0	0	0	0	0	0	0	0	0	0	0	0	0	0	0	3517	1916	12769	500169	493989	9235	8448	405894	8587	0	0	0	0	0	0	0	0	0	0	2	0	0	0	0	4	1	0	0	1	1	5179	2	1	7548	0	2	8	5004	0	0	0	0	6	0	1
139	4.2511	7.9379	4.2996	1.8446	0	0	0	0	0	0	0	0	0	0	0	0	0	0	0	0	3558	2083	12595	501483	496687	9055	8782	405551	8860	0	0	1	0	0	0	0	0	0	0	0	0	0	1	0	2	0	0	0	2	0	5164	1	0	6576	2	1	6	4802	1	0	1	0	5	0	1
140	4.2511	7.9379	4.2996	1.8552	0	0	0	0	0	0	0	0	0	0	0	0	0	0	0	0	3521	2081	12604	500525	494044	8990	8674	404242	8693	0	0	0	0	0	0	1	0	0	0	0	0	0	0	0	3	1	0	0	1	0	5053	2	1	5193	0	3	1	4996	2	0	0	0	3	0	0
141	4.2511	7.9379	4.2996	1.8658	0	0	0	0	0	0	0	0	0	0	0	0	0	0	0	0	3571	2006	12924	501084	497219	8993	8797	405530	8935	0	0	0	0	0	0	0	0	0	2	0	0	0	0	0	0	1	0	0	2	0	5355	0	4	3760	1	0	5	4924	2	0	1	0	5	0	1
142	4.2511	7.9379	4.2996	1.8764	0	0	0	0	0	0	0	0	0	0	0	0	0	0	0	0	3690	2001	13014	499378	497335	9178	8692	403310	8582	0	0	1	1	0	0	0	0	0	1	1	0	0	0	0	1	0	0	0	0	0	5140	1	6	2535	1	1	3	5028	0	0	1	0	4	0	2
143	4.2511	7.9379	4.2996	1.8868	0	0	0	0	0	0	0	0	0	0	0	0	0	0	0	0	3665	2014	12950	499371	496240	9206	8817	402853	8828	0	0	0	0	0	0	0	0	0	0	1	0	0	0	0	1	1	0	0	1	0	5340	3	7	1347	1	1	6	4910	2	0	0	0	4	0	3
144	4.2511	7.9379	4.2996	1.8973	0	0	0	0	0	0	0	0	0	0	0	0	0	0	0	0	3526	2026	12719	498217	494257	9112	8656	402134	8820	0	0	1	1	0	0	0	0	0	1	0	0	0	0	0	1	1	0	0	1	0	5344	1	7	563	0	3	5	4945	2	0	0	1	1	0	1
145	4.2511	7.9379	4.2996	1.9076	0	0	0	0	0	0	0	0	0	0	0	0	0	0	0	0	3638	2035	12892	496081	492386	9203	8542	402060	8731	0	0	0	0	0	0	1	0	0	0	0	0	0	0	0	1	3	0	0	0	0	5527	2	8	149	2	1	2	4836	2	0	3	0	1	1	0
146	4.2511	7.9379	4.2996	1.9179	0	0	0	0	0	0	0	0	0	0	0	0	0	0	0	0	3555	1968	12643	496914	494127	9042	8758	399901	8858	0	0	1	0	0	0	0	0	0	2	1	0	0	0	0	3	3	0	0	0	0	5401	1	10	292	2	1	3	4733	1	0	1	0	1	0	0
147	4.2511	7.9379	4.2996	1.9282	0	0	0	0	0	0	0	0	0	0	0	0	0	0	0	0	3491	1959	12785	493696	491599	8993	8797	399540	8667	0	0	0	0	0	0	0	0	0	0	0	0	0	0	0	0	1	0	0	0	0	5453	2	3	825	2	1	4	4773	0	0	0	0	1	0	1
148	4.2511	7.9379	4.2996	1.9384	0	0	0	0	0	0	0	0	0	0	0	0	0	0	0	0	3611	2026	12957	495656	494624	9200	8678	399541	8665	0	0	0	2	0	0	2	0	0	2	0	0	0	0	0	0	3	0	0	1	0	5442	4	10	1792	1	0	5	4716	1	0	1	0	0	0	1
149	4.2511	7.9379	4.2996	1.9485	0	0	0	0	0	0	0	0	0	0	0	0	0	0	0	0	3496	1984	12855	496876	492304	9096	8557	401831	8674	0	0	0	0	0	0	1	0	0	1	0	0	0	0	0	5	1	0	0	1	0	5555	2	12	2971	1	2	3	4780	0	0	2	0	1	0	0
150	4.2511	7.9379	4.2996	1.9586	0	0	0	0	0	0	0	0	0	0	0	0	0	0	0	0	3663	1953	12528	494404	491184	9125	8793	400584	8835	0	0	1	0	0	0	2	1	0	0	0	0	0	1	0	1	0	0	0	0	0	5546	0	9	4372	0	3	2	4525	0	0	2	0	3	0	0
151	4.2534	7.9391	4.3011	1.7000	0	0	0	0	0	0	0	0	0	0	0	0	0	0	0	0	3629	2018	12697	494131	494026	8899	8796	402708	8671	0	0	1	0	0	0	0	0	0	1	1	0	0	0	0	0	2	0	0	1	0	5857	3	11	282	1	1	3	4303	1	0	1	0	2	0	1
152	4.2534	7.9391	4.3011	1.7116	0	0	0	0	0	0	0	0	0	0	0	0	0	0	0	0	3465	2025	12751	495360	495879	9115	8506	404067	8685	0	0	0	0	0	0	0	0	0	0	0	0	0	0	0	2	0	0	0	2	0	5732	2	3	221	1	0	2	4550	0	0	3	0	0	0	2
153	4.2534	7.9391	4.3011	1.7230	0	0	0	0	0	0	0	0	0	0	0	0	0	0	0	0	3535	1975	12841	493989	495316	8955	8810	402023	8776	0	0	2	1	0	0	0	0	0	0	1	0	0	0	0	3	3	0	0	0	0	5877	2	5	613	2	0	4	4518	1	0	0	0	3	0	1
154	4.2534	7.9391	4.3011	1.7344	0	0	0	0	0	0	0	0	0	0	0	0	0	0	0	0	3520	1988	12855	494845	495363	9243	8670	403166	8772	0	0	1	0	0	0	1	0	0	0	0	0	0	0	0	1	2	0	0	3	0	5672	2	5	1375	0	2	3	4624	0	1	1	0	2	0	0
155	4.2534	7.9391	4.3011	1.7458	0	0	0	0	0	0	0	0	0	0	0	0	0	0	0	0	3489	2000	12843	494488	494409	9030	8700	402201	8759	0	0	0	0	0	0	0	0	0	1	1	0	0	2	0	2	1	0	0	1	0	5514	1	3	2476	0	1	7	4667	1	0	2	0	2	0	0
156	4.2534	7.9391	4.3011	1.7570	0	0	0	0	0	0	0	0	0	0	0	0	0	0	0	0	3470	2007	12932	495785	492740	9164	8701	403737	8966	0	0	0	0	0	0	0	0	0	1	0	0	0	0	0	0	3	0	0	2	0	5535	1	7	3778	0	2	6	4583	2	0	2	0	3	0	2
157	4.2534	7.9391	4.3011	1.7682	0	0	0	0	0	0	0	0	0	0	0	0	0	0	0	0	3658	2085	12867	496496	494899	9184	8717	403054	8598	0	0	1	0	0	0	0	0	0	1	0	0	0	1	0	1	2	0	0	3	1	5633	0	7	5152	0	1	1	4735	1	0	1	0	4	0	1
158	4.2534	7.9391	4.3011	1.7793	0	0	0	0	0	0	0	0	0	0	0	0	0	0	0	0	3596	2030	12886	496625	494568	9141	8561	403735	8816	0	0	0	0	0	0	0	0	0	1	0	0	0	0	0	2	1	0	0	2	0	5464	1	1	6410	1	1	4	4794	1	0	2	0	8	0	0
159	4.2534	7.9391	4.3011	1.7904	0	0	0	0	0	0	0	0	0	0	0	0	0	0	0	0	3580	2096	12739	499064	495559	8973	8725	404527	9053	0	0	1	0	0	0	1	0	0	0	0	0	0	0	0	2	1	0	0	2	0	5584	0	3	7665	1	0	0	4755	0	0	0	0	9	0	0
160	4.2534	7.9391	4.3011	1.8013	0	0	0	0	0	0	0	0	0	0	0	0	0	0	0	0	3606	1974	12838	501320	497757	9133	8791	405627	8679	0	0	1	1	0	0	1	0	0	1	0	0	0	0	0	2	1	0	0	1	0	5454	2	1	8179	1	2	8	4882	1	0	2	0	8	0	1
161	4.2534	7.9391	4.3011	1.8122	0	0	0	0	0	0	0	0	0	0	0	0	0	0	0	0	3572	1916	12912	500294	494312	9216	8721	405166	8801	0	0	1	0	0	0	0	0	0	0	0	0	0	0	0	3	1	0	0	1	0	5271	1	3	8686	3	2	3	4908	2	0	1	0	9	0	3
162	4.2534	7.9391	4.3011	1.8231	0	0	0	0	0	0	0	0	0	0	0	0	0	0	0	0	3398	2023	12721	499192	492631	9192	8561	402608	8767	0	0	0	0	0	0	0	0	0	0	0	0	0	0	0	1	1	0	0	0	0	5203	2	0	8539	2	3	7	4870	0	0	1	0	12	0	1
163	4.2534	7.9391	4.3011	1.8339	0	0	0	0	0	0	0	0	0	0	0	0	0	0	0	0	3575	1924	12848	501635	495799	8954	8590	404875	8624	0	0	0	1	0	0	0	0	0	1	1	0	0	0	0	2	1	0	0	1	0	5243	2	2	7878	1	2	4	4951	0	0	1	0	6	0	0
164	4.2534	7.9391	4.3011	1.8446	0	0	0	0	0	0	0	0	0	0	0	0	0	0	0	0	3506	1965	12564	501340	495365	9072	8597	404569	8871	0	0	0	0	0	0	0	0	0	0	1	0	0	0	0	2	2	0	0	3	0	5338	0	4	7097	0	2	4	4953	0	0	3	0	4	0	0
165	4.2534	7.9391	4.3011	1.8552	0	0	0	0	0	0	0	0	0	0	0	0	0	0	0	0	3653	2002	12623	499564	493183	9034	8578	401573	8915	0	0	1	1	0	0	0	0	0	0	2	0	0	0	0	4	0	0	0	2	0	5293	2	3	5885	0	0	2	4972	1	0	0	0	7	0	1
166	4.2534	7.9391	4.3011	1.8658	0	0	0	0	0	0	0	0	0	0	0	0	0	0	0	0	3612	1986	12561	500971	495978	9087	8436	404679	8510	0	0	0	0	0	0	1	0	0	0	1	0	0	0	0	0	2	0	0	2	0	5236	2	2	4479	0	1	3	4971	0	0	1	0	4	0	0
167	4.2534	7.9391	4.3011	1.8764	0	0	0	0	0	0	0	0	0	0	0	0	0	0	0	0	3459	1918	12804	498783	493151	9130	8674	401381	8676	0	0	0	1	1	0	0	0	0	1	2	0	0	0	0	1	2	0	0	1	0	5186	3	4	3158	0	1	2	4879	0	0	1	0	3	0	1
168	4.2534	7.9391	4.3011	1.8868	0	0	0	0	0	0	0	0	0	0	0	0	0	0	0	0	3530	1903	12819	494911	493432	8920	8545	398890	8634	0	0	1	1	0	0	0	0	0	0	1	0	0	0	0	2	0	0	0	1	0	5103	2	4	1789	0	0	5	4950	0	0	1	0	5	0	0
169	4.2534	7.9391	4.3011	1.8973	0	0	0	0	0	0	0	0	0	0	0	0	0	0	0	0	3545	1866	12613	495393	493276	8985	8472	399267	8649	0	0	1	0	0	0	0	0	0	0	0	0	0	0	0	3	2	0	0	1	0	5262	2	7	858	0	1	4	4896	0	0	1	0	2	0	0
170	4.2534	7.9391	4.3011	1.9076	0	0	0	0	0	0	0	0	0	0	0	0	0	0	0	0	3493	1932	12562	496137	495196	9105	8577	399704	8780	0	0	0	0	0	0	1	0	0	0	0	0	0	0	0	1	0	0	0	0	0	5319	2	12	294	1	3	1	4985	1	0	2	0	2	0	1
171	4.2534	7.9391	4.3011	1.9179	0	0	0	0	0	0	0	0	0	0	0	0	0	0	0	0	3506	1943	12775	492928	493483	9017	8483	398150	8611	0	0	1	0	0	0	0	0	0	0	0	0	0	0	0	0	4	0	0	0	0	5260	0	10	208	0	0	8	4917	2	0	0	0	4	0	1
172	4.2534	7.9391	4.3011	1.9282	0	0	0	0	0	0	0	0	0	0	0	0	0	0	0	0	3539	2002	12845	493362	492643	9055	8504	398069	8771	0	0	1	1	0	0	0	0	0	0	1	0	0	0	0	0	0	0	0	3	0	5444	1	9	566	1	2	2	4662	3	0	1	0	2	0	1
173	4.2534	7.9391	4.3011	1.9384	0	0	0	0	0	0	0	0	0	0	0	0	0	0	0	0	3511	1923	12651	493219	490768	8977	8470	397442	8816	0	0	1	0	0	0	0	0	0	1	0	0	0	0	0	2	4	0	0	1	0	5550	1	8	1366	0	2	0	4678	1	0	1	0	0	0	0
174	4.2534	7.9391	4.3011	1.9485	0	0	0	0	0	0	0	0	0	0	0	0	0	0	0	0	3462	1998	12727	495125	494017	9065	8616	399349	8687	0	0	0	0	0	0	0	0	0	0	1	0	0	0	0	1	2	1	0	1	0	5487	2	6	2310	1	2	10	4656	2	0	1	0	0	0	0
175	4.2534	7.9391	4.3011	1.9586	0	0	0	0	0	0	0	0	0	0	0	0	0	0	0	0	3544	1912	12673	494234	494356	9105	8710	399017	8836	0	0	1	2	0	0	0	0	0	0	0	0	0	0	0	0	2	0	1	0	0	5629	1	6	3601	1	1	3	4664	0	0	2	0	2	0	1
176	4.2556	7.9403	4.3027	1.7000	0	0	0	0	0	0	0	0	0	0	0	0	0	0	0	0	3555	2012	12826	493376	493240	8887	8722	401139	8827	0	0	0	0	0	0	0	0	0	0	0	0	0	1	0	4	2	0	0	0	0	5829	0	7	563	1	1	5	4427	0	0	1	0	1	0	0
177	4.2556	7.9403	4.3027	1.7116	0	0	0	0	0	0	0	0	0	0	0	0	0	0	0	0	3563	1944	12501	493318	493312	8792	8684	401125	8651	0	0	0	2	0	0	1	0	0	0	1	0	0	1	0	0	1	0	0	1	0	5829	0	12	209	2	0	4	4401	0	0	0	0	2	0	0
178	4.2556	7.9403	4.3027	1.7230	0	0	0	0	0	0	0	0	0	0	0	0	0	0	0	0	3520	1992	12622	491732	492962	8974	8669	398452	8802	0	0	0	0	0	0	0	0	0	0	0	0	0	0	0	0	0	0	0	0	1	5914	1	10	355	0	2	9	4530	1	0	1	0	0	0	2
179	4.2556	7.9403	4.3027	1.7344	0	0	0	0	0	0	0	0	0	0	0	0	0	0	0	0	3513	2048	12859	492086	492628	8921	8563	399153	8739	0	0	0	0	0	0	0	0	0	0	1	0	0	0	0	3	2	0	0	2	0	5752	2	10	962	0	0	5	4460	1	1	0	0	2	0	0
180	4.2556	7.9403	4.3027	1.7458	0	0	0	0	0	0	0	0	0	0	0	0	0	0	0	0	3592	1951	12682	493090	493192	8750	8494	400059	8888	0	0	2	1	0	0	0	0	0	0	0	0	0	0	0	0	0	0	0	2	0	5774	1	9	1901	0	3	10	4486	1	0	1	0	2	0	1
181	4.2556	7.9403	4.3027	1.7570	0	0	0	0	0	0	0	0	0	0	0	0	0	0	0	0	3459	1986	12516	493018	492659	9008	8594	399228	8782	0	0	0	1	0	0	0	0	0	0	1	0	0	0	0	3	1	0	0	0	0	5594	2	6	3114	0	3	6	4498	1	0	1	0	3	0	1
182	4.2556	7.9403	4.3027	1.7682	0	0	0	0	0	0	0	0	0	0	0	0	0	0	0	0	3587	1883	12645	495645	495526	8924	8627	402114	8778	0	0	0	0	0	0	0	0	0	2	0	0	0	3	0	0	1	0	0	1	0	5621	2	1	4349	1	2	5	4719	1	0	1	0	2	0	1
183	4.2556	7.9403	4.3027	1.7793	0	0	0	0	0	0	0	0	0	0	0	0	0	0	0	0	3543	2011	12703	498428	498353	9082	8621	405244	8587	0	0	0	1	0	0	1	0	0	0	0	0	0	1	0	0	1	0	0	1	0	5526	0	3	5839	1	2	4	4638	0	0	0	0	3	0	0
184	4.2556	7.9403	4.3027	1.7904	0	0	0	0	0	0	0	0	0	0	0	0	0	0	0	0	3525	2050	12680	498119	495853	8954	8683	403553	8879	0	0	1	1	0	0	0	0	0	0	0	0	0	0	0	0	2	0	0	0	0	5422	0	1	6896	1	0	4	4852	1	0	0	0	9	0	0
185	4.2556	7.9403	4.3027	1.8013	0	0	0	0	0	0	0	0	0	0	0	0	0	0	0	0	3551	1949	12750	499116	494820	9091	8550	404596	8559	0	0	0	0	0	0	2	0	0	0	0	0	0	0	0	1	2	0	0	1	0	5445	1	1	7828	0	0	1	4798	0	1	4	0	7	0	1
186	4.2556	7.9403	4.3027	1.8122	0	0	0	0	0	0	0	0	0	0	0	0	0	0	0	0	3537	2024	12807	500032	496822	9124	8598	406254	8747	0	0	0	0	0	0	0	0	0	0	0	0	0	0	0	3	1	0	0	1	0	5405	0	3	8513	1	1	4	4807	0	0	2	0	4	1	1
187	4.2556	7.9403	4.3027	1.8231	0	0	0	0	0	0	0	0	0	0	0	0	0	0	0	0	3699	1947	12705	498746	496584	9049	8539	404522	8710	0	0	0	0	0	0	0	0	0	0	0	0	0	0	0	1	2	0	0	1	0	5351	1	3	8493	1	1	5	4829	0	0	1	0	7	0	2
188	4.2556	7.9403	4.3027	1.8339	0	0	0	0	0	0	0	0	0	0	0	0	0	0	0	0	3509	1977	12746	500422	495471	9089	8701	404826	8760	0	0	0	0	0	0	0	0	0	1	1	0	0	0	0	1	1	0	0	1	0	5317	2	1	8179	0	2	4	4822	0	0	1	0	4	0	1
189	4.2556	7.9403	4.3027	1.8446	0	0	0	0	0	0	0	0	0	0	0	0	0	0	0	0	3657	1944	12740	498691	492048	9183	8614	401763	8668	0	0	0	1	0	0	0	0	0	0	1	0	0	0	0	1	0	0	0	1	0	5337	0	2	7391	1	2	4	4847	4	0	0	0	6	0	0
190	4.2556	7.9403	4.3027	1.8552	0	0	0	0	0	0	0	0	0	0	0	0	0	0	0	0	3542	1986	12747	497227	492774	9050	8661	401288	8772	0	0	0	0	0	0	0	0	0	0	0	0	0	0	0	3	0	0	0	0	0	5274	3	3	6252	2	1	14	4972	1	0	1	0	7	0	1
191	4.2556	7.9403	4.3027	1.8658	0	0	0	0	0	0	0	0	0	0	0	0	0	0	0	0	3464	1985	12809	499330	493644	9224	8572	402013	8652	0	0	0	0	0	0	0	0	0	2	0	0	0	0	0	5	2	0	0	0	0	5172	2	5	5105	0	0	5	4909	1	0	1	0	7	0	1
192	4.2556	7.9403	4.3027	1.8764	0	0	0	0	0	0	0	0	0	0	0	0	0	0	0	0	3530	1928	12813	497142	494521	9049	8606	402487	8764	0	0	0	0	0	0	1	0	0	0	0	0	0	0	0	1	4	0	0	3	0	5360	3	6	3627	1	2	4	4954	0	0	1	0	2	0	0
193	4.2556	7.9403	4.3027	1.8868	0	0	0	0	0	0	0	0	0	0	0	0	0	0	0	0	3570	1996	12535	496223	490617	9168	8493	399251	8751	0	0	0	0	0	0	0	0	0	1	0	0	0	0	0	5	2	0	0	2	0	5280	1	2	2420	0	4	4	4956	0	0	2	0	2	0	0
194	4.2556	7.9403	4.3027	1.8973	0	0	0	0	0	0	0	0	0	0	0	0	0	0	0	0	3487	1969	12917	497419	494875	8971	8512	400386	8691	0	0	0	0	0	0	1	0	0	1	1	0	0	1	0	1	1	0	0	3	0	5416	4	7	1290	1	1	4	4941	1	0	1	0	0	0	1
195	4.2556	7.9403	4.3027	1.9076	0	0	0	0	0	0	0	0	0	0	0	0	0	0	0	0	3514	2001	12785	498148	495707	8856	8658	400450	8651	0	0	0	0	0	0	0	0	0	1	0	0	0	1	0	2	3	0	0	0	0	5484	0	9	594	1	1	3	4923	2	0	0	0	3	0	1
196	4.2556	7.9403	4.3027	1.9179	0	0	0	0	0	0	0	0	0	0	0	0	0	0	0	0	3426	1969	12627	497513	494008	8808	8557	400505	8656	0	0	0	1	0	0	0	0	0	1	0	0	0	0	0	2	1	0	0	1	0	5282	3	5	252	0	2	6	4964	1	0	1	0	2	0	0
197	4.2556	7.9403	4.3027	1.9282	0	0	0	0	0	0	0	0	0	0	0	0	0	0	0	0	3538	1920	12657	497202	496301	8933	8558	400392	8669	0	0	0	0	0	0	2	0	0	0	0	0	0	0	0	0	0	0	0	0	0	5419	3	7	382	0	1	4	4902	0	0	1	0	1	0	1
198	4.2556	7.9403	4.3027	1.9384	0	0	0	0	0	0	0	0	0	0	0	0	0	0	0	0	3479	1892	12741	495549	496137	9092	8587	400523	8593	0	0	0	0	0	0	0	0	0	0	0	0	0	1	0	1	2	0	0	0	0	5418	1	11	913	1	3	5	4880	1	0	1	0	1	0	1
199	4.2556	7.9403	4.3027	1.9485	0	0	0	0	0	0	0	0	0	0	0	0	0	0	0	0	3467	1988	12660	495984	491805	8990	8626	399147	8727	0	0	1	0	0	0	0	0	0	0	0	0	0	0	0	3	1	0	1	0	0	5443	1	9	1833	0	2	3	4743	2	0	2	0	1	0	0
200	4.2556	7.9403	4.3027	1.9586	0	0	0	0	0	0	0	0	0	0	0	0	0	0	0	0	3514	1893	12560	494979	494219	9182	8735	400765	8734	0	0	0	1	0	0	0	0	0	0	1	0	0	0	0	0	1	0	0	0	0	5483	0	5	3079	1	0	4	4767	0	0	0	0	1	0	0
201	4.2578	7.9415	4.3043	1.7000	0	0	0	0	0	0	0	0	0	0	0	0	0	0	0	0	3505	1968	12798	494861	494472	9026	8703	403181	8570	0	0	0	0	0	0	1	0	0	0	0	0	0	0	0	0	0	0	0	3	0	6153	1	6	896	0	1	8	4455	0	0	0	0	3	0	2
202	4.2578	7.9415	4.3043	1.7116	0	0	0	0	0	0	0	0	0	0	0	0	0	0	0	0	3547	1964	12796	494957	495285	9076	8552	403941	8598	0	0	0	0	0	0	0	0	0	1	1	0	0	0	0	1	0	0	0	1	0	5970	1	5	328	0	0	1	4448	0	0	0	0	3	0	0
203	4.2578	7.9415	4.3043	1.7230	0	0	0	0	0	0	0	0	0	0	0	0	0	0	0	0	3663	2067	12876	496014	497805	9135	8687	403934	8519	0	0	2	0	0	0	1	0	0	1	0	0	0	0	0	1	1	0	0	0	0	6045	1	7	304	0	1	7	4562	3	0	1	0	1	0	0
204	4.2578	7.9415	4.3043	1.7344	0	0	0	0	0	0	0	0	0	0	0	0	0	0	0	0	3578	1920	12765	497633	496801	9143	8635	404462	8765	0	0	1	1	0	0	0	0	0	0	0	0	0	1	0	2	1	0	0	0	0	5871	1	6	666	1	2	6	4596	2	0	1	0	0	0	1
205	4.2578	7.9415	4.3043	1.7458	0	0	0	0	0	0	0	0	0	0	0	0	0	0	0	0	3454	1926	12613	497522	498035	8998	8714	404477	8647	0	0	1	2	0	0	0	0	0	1	0	0	0	0	0	1	2	0	0	0	0	5821	1	5	1465	0	1	7	4617	0	0	1	0	2	0	2
206	4.2578	7.9415	4.3043	1.7570	0	0	0	0	0	0	0	0	0	0	0	0	0	0	0	0	3570	1903	12692	498315	498751	8986	8471	406066	8767	0	0	0	0	0	0	0	0	0	1	1	0	0	0	0	2	0	0	0	3	0	5770	0	4	2591	1	2	6	4572	3	0	0	0	4	0	1
207	4.2578	7.9415	4.3043	1.7682	0	0	0	0	0	0	0	0	0	0	0	0	0	0	0	0	3532	2029	12901	501767	497788	9077	8592	405762	8704	0	0	0	1	0	0	0	0	0	0	1	0	0	0	0	3	2	0	0	0	0	5713	1	7	3826	0	0	5	4652	0	0	1	0	3	0	0
208	4.2578	7.9415	4.3043	1.7793	0	0	0	0	0	0	0	0	0	0	0	0	0	0	0	0	3611	1967	12822	500036	496571	9052	8704	405452	8913	0	0	0	1	0	0	0	0	0	0	0	0	0	1	0	1	1	0	0	0	0	5569	2	7	5195	0	0	8	4677	1	0	0	0	5	0	0
209	4.2578	7.9415	4.3043	1.7904	0	0	0	0	0	0	0	0	0	0	0	0	0	0	0	0	3635	1986	12622	500433	497335	9112	8645	406661	8718	0	0	0	0	0	0	0	0	0	0	0	0	0	0	0	0	1	0	0	1	0	5606	0	5	6511	0	2	3	4755	2	0	1	0	3	0	1
210	4.2578	7.9415	4.3043	1.8013	0	0	0	0	0	0	0	0	0	0	0	0	0	0	0	0	3649	1989	12747	500640	497375	9001	8547	406283	8835	0	0	1	3	0	0	0	0	0	0	0	0	0	0	0	0	2	0	0	2	0	5520	3	3	7561	3	1	3	4861	1	0	2	0	8	0	1
211	4.2578	7.9415	4.3043	1.8122	0	0	0	0	0	0	0	0	0	0	0	0	0	0	0	0	3523	2027	12763	501365	495720	9067	8688	405921	8781	0	0	0	0	0	0	0	0	0	1	0	0	0	1	0	2	2	0	0	1	0	5510	3	0	8353	3	2	6	4892	1	0	1	0	1	0	0
212	4.2578	7.9415	4.3043	1.8231	0	0	0	0	0	0	0	0	0	0	0	0	0	0	0	0	3608	2000	12789	502920	495727	9041	8629	408749	8844	0	0	0	1	0	0	1	0	0	0	0	0	0	1	0	1	0	0	0	0	0	5501	3	1	8594	1	3	3	4979	0	0	0	0	4	0	2
213	4.2578	7.9415	4.3043	1.8339	0	0	0	0	0	0	0	0	0	0	0	0	0	0	0	0	3629	1919	12786	505060	497712	9110	8774	409384	8877	0	0	3	0	0	0	0	0	0	0	0	0	0	0	0	1	1	0	0	2	0	5487	1	0	8616	1	0	3	4868	2	0	1	0	7	0	0
214	4.2578	7.9415	4.3043	1.8446	0	0	0	0	0	0	0	0	0	0	0	0	0	0	0	0	3505	2022	12716	504344	497654	8954	8640	408046	8674	0	0	1	0	0	0	0	1	0	5	1	0	0	1	0	4	0	0	0	1	0	5521	2	1	8055	0	1	2	4976	1	0	3	0	3	0	1
215	4.2578	7.9415	4.3043	1.8552	0	0	0	0	0	0	0	0	0	0	0	0	0	0	0	0	3648	1954	12875	505778	500014	9138	8633	408489	8514	0	0	2	0	0	0	0	0	0	0	0	0	0	0	0	1	1	0	0	0	0	5419	2	2	6966	1	3	6	5028	2	0	1	0	5	0	2
216	4.2578	7.9415	4.3043	1.8658	0	0	0	0	0	0	0	0	0	0	0	0	0	0	0	0	3548	2038	12698	505001	500730	9003	8657	407041	8763	0	0	0	1	0	0	0	0	0	0	1	0	0	0	0	1	2	0	0	2	0	5472	1	2	5771	1	1	3	5027	1	0	0	0	6	0	0
217	4.2578	7.9415	4.3043	1.8764	0	0	0	0	0	0	0	0	0	0	0	0	0	0	0	0	3531	1941	12677	504290	498325	9137	8596	407013	8640	0	0	0	0	0	0	0	0	0	0	0	0	0	1	0	3	3	0	0	2	0	5276	1	6	4312	0	3	1	5064	2	0	0	0	4	0	0
218	4.2578	7.9415	4.3043	1.8868	0	0	0	0	0	0	0	0	0	0	0	0	0	0	0	0	3492	2093	12895	501562	500985	9177	8619	404703	8689	0	0	0	0	0	0	0	0	0	1	0	0	0	0	0	1	4	0	1	2	0	5449	4	7	3002	0	2	2	5023	0	0	2	0	3	0	1
219	4.2578	7.9415	4.3043	1.8973	0	0	0	0	0	0	0	0	0	0	0	0	0	0	0	0	3611	2003	12756	501080	497076	8915	8689	404011	8684	0	0	0	0	0	0	0	0	0	0	0	0	0	0	0	0	1	0	0	0	0	5417	3	1	1891	1	1	3	4950	1	0	1	1	0	0	0
220	4.2578	7.9415	4.3043	1.9076	0	0	0	0	0	0	0	0	0	0	0	0	0	0	0	0	3596	1952	12877	498077	497306	9064	8601	402375	8730	0	0	0	1	0	0	0	0	0	2	0	0	0	0	0	3	2	0	0	1	0	5318	3	8	851	0	1	6	4924	1	0	0	0	3	0	1
221	4.2578	7.9415	4.3043	1.9179	0	0	0	0	0	0	0	0	0	0	0	0	0	0	0	0	3538	1939	12835	500381	498594	8909	8429	403629	8738	0	0	1	3	0	0	1	0	0	0	0	0	0	0	0	3	1	0	0	0	0	5417	0	10	379	1	0	1	4919	1	0	0	0	1	0	0
222	4.2578	7.9415	4.3043	1.9282	0	0	0	0	0	0	0	0	0	0	0	0	0	0	0	0	3495	1951	12801	496724	496375	8799	8492	400777	8714	0	0	0	0	0	0	1	0	0	0	0	0	0	0	0	2	3	0	0	0	0	5468	3	4	339	1	3	9	4895	4	0	0	0	1	0	1
223	4.2578	7.9415	4.3043	1.9384	0	0	0	0	0	0	0	0	0	0	0	0	0	0	0	0	3348	2058	12575	497549	495444	8877	8562	400607	8614	0	0	0	0	0	0	2	0	0	1	2	0	0	0	0	1	2	0	0	0	0	5499	2	5	664	0	1	4	4871	2	0	3	0	0	0	1
224	4.2578	7.9415	4.3043	1.9485	0	0	0	0	0	0	0	0	0	0	0	0	0	0	0	0	3519	1890	12924	497690	498061	8943	8547	400582	8625	0	0	0	0	0	0	0	0	0	0	0	0	0	0	0	1	1	0	0	2	0	5469	1	7	1427	1	3	6	4846	0	0	1	0	0	0	1
225	4.2578	7.9415	4.3043	1.9586	0	0	0	0	0	0	0	0	0	0	0	0	0	0	0	0	3508	1933	12780	498062	496025	9082	8511	401385	8632	0	0	0	0	0	0	0	0	0	0	0	0	0	0	0	2	0	0	0	2	0	5602	0	4	2585	1	1	6	4803	1	0	0	0	4	0	0
226	4.2600	7.9427	4.3058	1.7000	0	0	0	0	0	0	0	0	0	0	0	0	0	0	0	0	3605	1982	12552	496840	497523	8971	8585	405400	8816	0	0	0	0	0	0	0	0	0	0	0	0	0	0	0	1	3	0	0	2	0	5952	1	1	1241	2	2	5	4575	0	0	0	0	3	0	0
227	4.2600	7.9427	4.3058	1.7116	0	0	0	0	0	0	0	0	0	0	0	0	0	0	0	0	3542	1899	12767	496998	497921	9011	8773	404777	8693	0	0	0	0	0	0	0	0	0	0	0	0	0	0	0	1	2	0	0	2	0	5938	2	4	620	1	2	4	4408	2	0	0	0	2	0	0
228	4.2600	7.9427	4.3058	1.7230	0	0	0	0	0	0	0	0	0	0	0	0	0	0	0	0	3557	2033	12788	495197	497234	9074	8632	403828	8771	0	0	1	1	0	0	0	0	0	0	0	0	0	0	0	3	1	0	0	3	0	5819	1	6	348	1	3	5	4503	0	0	0	0	1	0	1
229	4.2600	7.9427	4.3058	1.7344	0	0	0	0	0	0	0	0	0	0	0	0	0	0	0	0	3595	1962	12680	494970	494987	9326	8475	403043	8618	0	0	2	1	0	0	1	0	0	0	0	0	0	0	0	3	2	0	0	2	0	5774	1	4	481	0	0	1	4628	0	0	0	0	3	0	3
230	4.2600	7.9427	4.3058	1.7458	0	0	0	0	0	0	0	0	0	0	0	0	0	0	0	0	3543	1955	12757	492367	493514	9099	8659	400599	8894	0	0	0	0	0	0	0	0	0	0	0	0	0	1	0	4	1	0	0	1	0	5713	2	6	1071	1	1	2	4565	0	0	2	0	1	0	2
