Setting	Current1	Current2	Current3	Current4	Current5	Current6	Current7	Current8	15	263	27	275	43	291	75	323	141	389	153	401	169	417	201	449	1	2	4	8	16	32	64	128	256	3	5	9	17	33	65	129	257	6	10	18	34	66	130	258	12	20	36	68	132	260	24	40	72	136	264	48	80	144	272	96	160	288	192	320	384
1	1.7900	1.7000	0	0	0	0	0	0	0	0	0	0	0	0	0	0	0	0	3543	1973	12626	452015	504087	8961	8515	362475	8454	0	0	0	0	0	0	0	0	0	0	1	0	0	0	0	2	0	0	0	3	0	3902	0	6	394	0	1	6	2937	2	0	2	0	2	0	1
2	1.7900	1.7116	0	0	0	0	0	0	0	0	0	0	0	0	0	0	0	0	3516	1982	12618	450799	502451	8899	8717	361743	8504	0	0	0	0	0	0	1	0	0	0	0	0	0	0	0	2	3	0	0	0	0	4032	1	9	777	2	0	0	2893	6	0	2	0	4	0	3
3	1.7900	1.7230	0	0	0	0	0	0	0	0	0	0	0	0	0	0	0	0	3504	1921	12811	450321	500808	8819	8392	361046	8539	0	0	0	1	0	0	0	0	0	0	3	0	0	0	0	0	3	0	0	0	0	3945	0	3	1512	1	0	5	2948	2	0	1	0	0	0	1
4	1.7900	1.7344	0	0	0	0	0	0	0	0	0	0	0	0	0	0	0	0	3403	1870	12715	448679	498993	9024	8513	360671	8376	0	0	0	0	0	0	0	0	0	1	0	0	0	0	0	1	3	0	0	0	0	3911	0	0	2244	0	0	4	2915	3	0	1	0	1	1	2
5	1.7900	1.7458	0	0	0	0	0	0	0	0	0	0	0	0	0	0	0	0	3594	1894	12794	449500	500110	8962	8657	360449	8479	0	0	0	1	0	0	0	0	0	1	0	0	0	0	0	1	1	0	0	1	0	3832	0	0	3104	2	2	6	2866	1	0	1	0	0	0	1
6	1.7900	1.7570	0	0	0	0	0	0	0	0	0	0	0	0	0	0	0	0	3487	1939	12697	450647	501000	8776	8608	360310	8399	0	0	1	0	0	0	1	0	0	0	2	0	0	0	0	1	1	0	0	1	0	3981	1	2	4008	0	5	6	2842	1	0	0	1	2	0	3
7	1.7900	1.7682	0	0	0	0	0	0	0	0	0	0	0	0	0	0	0	0	3465	1963	12730	450631	501924	8974	8690	360176	8443	0	0	0	0	0	0	1	0	0	2	0	0	0	1	0	1	2	0	0	2	0	3956	3	0	4671	2	1	3	2992	5	0	1	0	1	0	0
8	1.7900	1.7793	0	0	0	0	0	0	0	0	0	0	0	0	0	0	0	0	3459	1983	12866	451754	502358	8983	8663	359993	8471	0	0	0	2	0	0	0	0	0	0	2	0	0	0	0	3	3	0	0	1	0	3938	0	1	5146	0	0	2	2977	2	0	0	0	3	0	3
9	1.7900	1.7904	0	0	0	0	0	0	0	0	0	0	0	0	0	0	0	0	3499	1854	12218	451364	503519	8832	8470	358687	8409	0	0	0	1	0	0	1	0	0	0	0	0	0	0	0	1	3	0	0	0	0	3989	1	2	5317	0	2	1	2828	3	0	1	0	4	0	0
10	1.7900	1.8013	0	0	0	0	0	0	0	0	0	0	0	0	0	0	0	0	3473	1970	12531	452108	502497	8962	8486	359652	8418	0	0	0	1	0	0	1	0	0	1	0	0	0	0	0	0	3	0	0	2	0	3998	2	1	5387	0	1	2	2946	4	0	2	0	5	0	2
11	1.7900	1.8122	0	0	0	0	0	0	0	0	0	0	0	0	0	0	0	0	3575	1954	12665	452003	501949	8873	8612	359905	8563	0	0	0	1	0	0	1	0	0	0	0	0	0	0	0	2	1	0	0	0	0	3968	2	2	5036	3	2	6	3006	0	0	0	0	5	0	1
12	1.7900	1.8231	0	0	0	0	0	0	0	0	0	0	0	0	0	0	0	0	3517	1965	12678	454463	503476	8910	8611	361297	8493	0	0	0	0	0	0	0	0	0	0	0	0	0	1	0	1	1	0	0	1	0	4037	2	0	4391	1	1	4	2951	3	0	1	0	3	0	0
13	1.7900	1.8339	0	0	0	0	0	0	0	0	0	0	0	0	0	0	0	0	3466	1947	12526	454028	503594	8913	8627	361339	8472	0	0	2	0	0	0	0	0	0	1	0	0	0	0	0	3	3	0	0	4	0	4109	0	2	3646	3	1	2	2920	2	0	0	0	3	0	1
14	1.7900	1.8446	0	0	0	0	0	0	0	0	0	0	0	0	0	0	0	0	3669	1910	12811	457961	506017	8969	8450	361949	8574	0	0	1	1	0	0	0	0	0	0	1	0	0	0	0	1	2	0	0	0	0	4114	0	3	2834	2	0	6	2855	2	0	0	0	1	0	2
15	1.7900	1.8552	0	0	0	0	0	0	0	0	0	0	0	0	0	0	0	0	3493	1914	12576	455635	505474	9105	8696	361379	8335	0	0	0	0	0	0	0	0	0	0	0	0	0	0	0	1	0	0	1	4	0	3955	2	3	2031	2	2	4	3014	2	0	4	0	3	0	0
16	1.7900	1.8658	0	0	0	0	0	0	0	0	0	0	0	0	0	0	0	0	3615	1972	12585	455800	505942	9157	8693	362175	8442	0	0	0	0	0	0	0	0	0	0	1	0	0	1	0	2	1	0	0	0	0	4195	0	2	1245	1	2	3	2924	2	0	1	0	2	0	0
17	1.7900	1.8764	0	0	0	0	0	0	0	0	0	0	0	0	0	0	0	0	3582	2017	12674	454644	503492	9162	8647	361008	8630	0	0	1	0	0	0	2	0	0	0	1	0	0	0	0	1	2	0	0	0	0	4106	1	5	663	2	1	4	2984	0	0	0	0	2	0	2
18	1.7900	1.8868	0	0	0	0	0	0	0	0	0	0	0	0	0	0	0	0	3589	1906	12861	454538	501014	9013	8682	358572	8545	0	0	0	0	0	0	0	0	0	0	1	0	0	0	0	0	1	0	0	1	0	3994	1	5	235	3	0	5	2986	5	0	0	0	0	0	2
19	1.7900	1.8973	0	0	0	0	0	0	0	0	0	0	0	0	0	0	0	0	3502	1937	12622	452655	498833	8995	8566	358411	8578	0	0	0	0	0	0	2	0	0	1	0	0	0	0	0	0	0	0	0	1	0	3967	1	6	172	0	1	2	2899	0	0	1	0	2	0	1
20	1.7900	1.9076	0	0	0	0	0	0	0	0	0	0	0	0	0	0	0	0	3388	1869	12769	456237	503248	8975	8612	360169	8400	0	0	2	0	0	0	0	0	0	0	1	0	0	0	0	2	1	0	0	1	0	3885	1	6	345	0	1	6	2954	2	0	2	0	1	0	1
21	1.7900	1.9179	0	0	0	0	0	0	0	0	0	0	0	0	0	0	0	0	3532	1908	12597	457352	503555	9033	8585	359650	8640	0	0	0	0	0	0	0	0	0	0	0	0	0	0	0	0	1	0	0	1	0	3977	0	1	744	3	3	2	2964	5	0	1	0	2	0	1
22	1.7900	1.9282	0	0	0	0	0	0	0	0	0	0	0	0	0	0	0	0	3598	1948	12615	454785	504635	8965	8675	358781	8381	0	0	0	0	0	0	1	0	0	0	0	0	0	0	0	0	2	1	0	2	0	3964	0	4	1474	0	2	1	2920	4	0	0	0	2	1	3
23	1.7900	1.9384	0	0	0	0	0	0	0	0	0	0	0	0	0	0	0	0	3450	1991	12675	457072	506496	8962	8709	361281	8556	0	0	1	0	0	0	0	0	0	1	0	0	0	0	0	0	1	0	0	2	0	4020	3	3	2304	0	0	4	3038	4	0	1	0	2	0	1
24	1.7900	1.9485	0	0	0	0	0	0	0	0	0	0	0	0	0	0	0	0	3506	1930	12817	454395	506294	8846	8681	360455	8534	0	0	0	1	0	0	0	0	0	0	0	0	0	0	0	2	1	0	0	0	0	3961	1	2	3050	0	0	2	2839	0	0	0	0	3	0	0
25	1.7900	1.9586	0	0	0	0	0	0	0	0	0	0	0	0	0	0	0	0	3604	1933	12701	452844	500277	9089	8611	358022	8326	0	0	0	0	1	0	0	0	0	0	0	0	0	0	0	2	2	0	0	0	0	3897	0	1	3855	1	1	3	2872	2	0	0	0	1	0	3
26	1.7902	1.7000	0	0	0	0	0	0	0	0	0	0	0	0	0	0	0	0	3510	1931	12641	451247	497997	9073	8464	362308	8560	0	0	1	0	0	0	0	0	0	0	2	0	0	0	0	5	1	0	0	2	0	4009	2	3	341	3	2	2	2943	1	0	1	0	0	0	0
27	1.7902	1.7116	0	0	0	0	0	0	0	0	0	0	0	0	0	0	0	0	3536	1925	12299	454004	502052	8330	8229	363032	8214	0	0	1	0	0	0	0	0	0	0	0	0	0	0	0	3	1	0	0	2	0	4046	0	1	828	2	0	5	2998	3	0	1	0	0	0	0
28	1.7902	1.7230	0	0	0	0	0	0	0	0	0	0	0	0	0	0	0	0	3517	1865	12478	454186	501769	8812	8616	363087	8512	0	0	0	1	0	0	0	0	0	0	0	0	0	0	0	2	1	0	0	0	0	3978	0	6	1561	5	0	3	3005	0	0	1	0	1	0	2
29	1.7902	1.7344	0	0	0	0	0	0	0	0	0	0	0	0	0	0	0	0	3444	1897	12796	453085	501320	9089	8590	362977	8430	0	0	0	0	0	0	0	0	0	0	1	0	0	0	0	1	2	0	0	1	0	4055	2	3	2294	1	2	3	2979	0	0	0	0	4	0	0
30	1.7902	1.7458	0	0	0	0	0	0	0	0	0	0	0	0	0	0	0	0	3553	1943	12726	454954	501523	8926	8670	363492	8390	0	0	0	0	0	0	0	0	0	0	1	0	0	1	0	3	0	0	0	2	0	4134	2	4	3221	2	0	8	2857	2	0	1	0	2	0	2
31	1.7902	1.7570	0	0	0	0	0	0	0	0	0	0	0	0	0	0	0	0	3576	1895	12692	456603	504281	9052	8556	364391	8483	0	0	0	0	0	0	0	0	0	0	1	0	0	0	0	0	2	0	0	0	0	3962	0	5	4003	0	3	1	3057	2	0	2	0	3	0	1
32	1.7902	1.7682	0	0	0	0	0	0	0	0	0	0	0	0	0	0	0	0	3538	1998	12747	454624	500371	8956	8518	363458	8424	0	0	0	1	0	0	0	0	0	0	2	0	0	0	0	1	3	0	0	1	0	3945	1	0	4607	0	0	5	2900	1	0	2	0	6	0	0
33	1.7902	1.7793	0	0	0	0	0	0	0	0	0	0	0	0	0	0	0	0	3456	1967	12970	453356	499220	9023	8736	361825	8446	0	0	0	0	0	0	0	0	0	0	0	0	0	1	0	1	0	0	0	0	0	3987	0	1	5215	1	2	3	2835	2	0	1	0	1	0	0
34	1.7902	1.7904	0	0	0	0	0	0	0	0	0	0	0	0	0	0	0	0	3550	1967	12768	453933	498555	9041	8739	361973	8425	0	0	1	1	0	0	0	0	0	0	1	0	0	0	0	0	4	0	0	1	0	3949	2	0	5292	0	1	5	2837	1	0	0	0	4	0	2
35	1.7902	1.8013	0	0	0	0	0	0	0	0	0	0	0	0	0	0	0	0	3557	1983	12786	454926	502154	8791	8598	362051	8577	0	0	1	0	0	0	0	0	0	1	0	0	0	1	0	0	2	0	0	0	0	3925	1	2	5209	2	4	3	2905	1	0	0	0	7	0	4
36	1.7902	1.8122	0	0	0	0	0	0	0	0	0	0	0	0	0	0	0	0	3612	1985	12762	454513	500227	8880	8609	363159	8523	0	0	0	0	0	0	1	0	0	0	0	0	0	1	0	4	3	0	0	1	0	3978	0	2	5008	1	0	5	2917	1	0	2	0	6	0	4
37	1.7902	1.8231	0	0	0	0	0	0	0	0	0	0	0	0	0	0	0	0	3509	1933	12878	455058	499797	9124	8618	361240	8524	0	0	1	1	0	0	0	0	0	0	0	0	0	0	0	1	1	0	0	3	0	4059	0	2	4273	1	1	2	2879	3	0	0	0	4	0	2
38	1.7902	1.8339	0	0	0	0	0	0	0	0	0	0	0	0	0	0	0	0	3537	1860	12683	455218	500775	8894	8640	362840	8528	0	0	0	0	0	0	0	0	0	1	1	0	0	1	0	0	3	0	0	0	0	3976	1	2	3702	0	0	2	2930	2	0	0	0	4	0	0
39	1.7902	1.8446	0	0	0	0	0	0	0	0	0	0	0	0	0	0	0	0	3584	1904	12702	453873	497003	8891	8674	359110	8376	0	0	0	1	0	0	0	0	0	0	0	0	0	0	0	1	4	0	0	1	0	3964	2	6	2711	4	0	5	2886	3	0	4	0	2	0	1
40	1.7902	1.8552	0	0	0	0	0	0	0	0	0	0	0	0	0	0	0	0	3626	2067	12662	455684	499046	8931	8645	361448	8585	0	0	0	0	0	0	0	0	0	0	0	0	0	0	0	0	0	1	0	1	0	3924	2	7	2029	1	0	5	2832	0	0	0	0	1	0	0
41	1.7902	1.8658	0	0	0	0	0	0	0	0	0	0	0	0	0	0	0	0	3537	2016	12838	455737	497975	9102	8771	361255	8630	0	0	0	1	0	0	0	0	0	0	2	0	0	0	0	0	3	0	0	1	0	3965	1	2	1176	3	1	2	2880	2	0	0	0	0	0	0
42	1.7902	1.8764	0	0	0	0	0	0	0	0	0	0	0	0	0	0	0	0	3452	2024	12751	453362	494904	9103	8677	359452	8471	0	0	0	0	0	0	1	0	0	0	1	0	0	1	0	2	0	0	0	1	0	3858	0	2	608	1	0	6	2886	3	0	0	0	3	0	3
43	1.7902	1.8868	0	0	0	0	0	0	0	0	0	0	0	0	0	0	0	0	3613	2020	12748	454013	494688	9139	8747	358785	8594	0	0	0	0	0	0	0	0	0	0	1	0	0	0	0	1	4	0	0	2	0	3905	1	2	234	2	3	2	2839	2	0	1	0	3	0	1
44	1.7902	1.8973	0	0	0	0	0	0	0	0	0	0	0	0	0	0	0	0	3520	1986	12672	454433	496081	8933	8797	358480	8485	0	0	0	1	0	0	0	0	0	0	0	0	0	0	0	1	1	0	0	0	0	3837	0	6	147	1	1	9	2886	5	0	1	0	0	0	3
45	1.7902	1.9076	0	0	0	0	0	0	0	0	0	0	0	0	0	0	0	0	3552	1945	12682	453200	494276	9051	8647	358552	8472	0	0	0	1	0	1	1	0	0	1	0	0	0	0	0	0	2	0	0	2	0	3879	1	4	334	5	2	1	2907	5	0	0	0	2	0	2
46	1.7902	1.9179	0	0	0	0	0	0	0	0	0	0	0	0	0	0	0	0	3524	1982	12768	452755	495026	9053	8593	357621	8559	0	0	1	0	0	0	0	0	0	1	0	0	0	0	0	0	1	0	0	2	0	3906	3	5	779	2	0	3	2858	2	0	0	0	2	0	2
47	1.7902	1.9282	0	0	0	0	0	0	0	0	0	0	0	0	0	0	0	0	3547	1938	12873	452163	494675	9012	8594	357479	8431	0	0	0	0	0	0	0	0	0	0	0	0	0	0	0	0	0	0	0	1	1	3846	1	6	1371	0	1	2	2855	1	0	0	0	3	0	2
48	1.7902	1.9384	0	0	0	0	0	0	0	0	0	0	0	0	0	0	0	0	3502	1957	12811	453493	497525	8885	8572	359356	8539	0	0	0	0	0	0	1	0	0	0	0	0	0	0	0	6	1	0	0	3	0	3860	1	4	2225	7	1	4	2908	3	0	0	0	1	0	0
49	1.7902	1.9485	0	0	0	0	0	0	0	0	0	0	0	0	0	0	0	0	3641	1931	12550	454390	497033	8923	8467	360161	8496	0	0	0	0	0	0	0	0	0	0	0	0	0	0	0	2	2	0	0	1	0	3818	0	7	3172	0	3	4	2799	2	0	1	0	2	0	1
50	1.7902	1.9586	0	0	0	0	0	0	0	0	0	0	0	0	0	0	0	0	3679	1997	12471	454114	495819	8951	8709	358974	8350	0	0	0	1	0	0	0	0	0	0	0	0	0	0	0	1	3	0	0	2	0	3846	3	2	3945	2	0	6	3064	3	0	0	0	5	0	1
51	1.7904	1.7000	0	0	0	0	0	0	0	0	0	0	0	0	0	0	0	0	3585	1997	12782	451870	494762	9088	8662	360738	8404	0	0	1	0	0	0	0	0	0	0	0	0	0	1	0	1	2	0	0	2	0	3757	1	7	335	1	2	2	2873	8	0	0	0	1	0	5
52	1.7904	1.7116	0	0	0	0	0	0	0	0	0	0	0	0	0	0	0	0	3609	1924	12477	453888	495817	9037	8801	363601	8629	0	0	0	1	0	0	0	0	0	1	0	0	0	1	0	1	3	0	0	2	0	3915	0	2	867	3	1	5	2979	1	0	0	0	2	0	3
53	1.7904	1.7230	0	0	0	0	0	0	0	0	0	0	0	0	0	0	0	0	3557	1972	12577	452030	494330	8965	8732	359926	8421	0	0	0	0	0	0	0	0	0	0	1	0	0	0	0	1	2	0	0	2	0	3841	2	7	1475	1	1	9	2844	1	0	0	0	0	0	1
54	1.7904	1.7344	0	0	0	0	0	0	0	0	0	0	0	0	0	0	0	0	3511	1985	12736	453350	495798	9010	8777	361505	8692	0	0	0	0	0	0	0	0	0	0	0	0	0	0	0	3	0	0	0	3	0	3956	2	3	2276	2	1	5	2865	4	0	0	0	2	0	0
55	1.7904	1.7458	0	0	0	0	0	0	0	0	0	0	0	0	0	0	0	0	3533	1955	12723	451359	494676	8970	8606	361126	8492	0	0	0	0	0	0	0	0	0	0	1	0	0	0	0	2	2	0	0	1	0	4044	0	5	3168	2	2	7	2882	2	0	0	1	0	0	0
56	1.7904	1.7570	0	0	0	0	0	0	0	0	0	0	0	0	0	0	0	0	3555	2064	12714	454168	494865	8946	8578	361712	8663	0	0	0	1	0	0	0	0	0	0	0	0	0	0	0	2	3	0	0	0	0	3775	0	3	4082	0	0	5	2871	2	0	0	0	8	0	2
57	1.7904	1.7682	0	0	0	0	0	0	0	0	0	0	0	0	0	0	0	0	3491	2012	12867	453882	497111	9099	8708	360974	8436	0	0	0	0	0	0	1	0	0	0	0	0	0	0	0	1	1	0	0	0	0	3942	0	2	4634	0	1	2	2876	1	0	0	0	4	0	1
58	1.7904	1.7793	0	0	0	0	0	0	0	0	0	0	0	0	0	0	0	0	3538	1939	12667	454788	495973	9105	8682	362055	8406	0	0	0	0	0	0	0	0	0	0	0	0	0	0	0	0	0	0	0	1	0	3877	0	1	5084	2	1	4	2772	2	0	2	0	3	0	1
59	1.7904	1.7904	0	0	0	0	0	0	0	0	0	0	0	0	0	0	0	0	3615	1929	12844	453711	494656	8958	8631	360414	8579	0	0	1	1	0	0	0	0	0	0	1	0	0	2	0	1	2	0	1	0	0	3849	2	3	5272	0	2	4	2800	7	0	0	0	6	0	2
60	1.7904	1.8013	0	0	0	0	0	0	0	0	0	0	0	0	0	0	0	0	3557	1976	12720	455896	497585	9064	8799	362582	8506	0	0	1	1	0	0	0	0	0	0	0	0	0	0	0	1	2	0	0	1	0	3902	2	1	5387	2	1	6	2869	2	0	3	0	5	0	4
61	1.7904	1.8122	0	0	0	0	0	0	0	0	0	0	0	0	0	0	0	0	3546	1983	12716	457029	496926	8941	8710	363578	8482	0	0	0	0	0	0	1	0	0	0	1	0	0	0	0	5	1	0	0	1	0	3875	1	1	5066	1	0	1	2948	1	0	0	0	4	0	1
62	1.7904	1.8231	0	0	0	0	0	0	0	0	0	0	0	0	0	0	0	0	3645	2005	12797	455050	494313	8991	8529	359649	8606	0	0	0	1	0	0	0	0	0	0	1	0	0	1	0	0	1	0	0	1	0	3938	1	0	4348	2	1	4	2831	1	0	1	0	1	0	4
63	1.7904	1.8339	0	0	0	0	0	0	0	0	0	0	0	0	0	0	0	0	3581	1948	12961	453078	492664	9074	8730	359042	8612	0	0	0	1	0	0	0	0	0	0	1	0	0	0	0	1	1	0	0	1	0	3846	1	6	3664	3	2	4	2850	1	0	0	0	5	0	0
64	1.7904	1.8446	0	0	0	0	0	0	0	0	0	0	0	0	0	0	0	0	3571	1946	12687	454117	491498	8886	8732	358205	8610	0	0	1	0	0	0	0	0	0	0	0	0	0	0	0	3	3	0	0	2	0	3916	0	6	2780	1	0	6	2829	3	0	2	0	2	1	1
65	1.7904	1.8552	0	0	0	0	0	0	0	0	0	0	0	0	0	0	0	0	3485	1982	12764	452533	492422	8951	8604	358000	8578	0	0	0	0	0	0	0	0	0	2	2	0	0	0	0	1	0	0	0	1	0	3883	2	2	2017	1	1	3	2863	3	0	1	0	3	0	3
66	1.7904	1.8658	0	0	0	0	0	0	0	0	0	0	0	0	0	0	0	0	3446	1933	12744	453523	493462	8807	8762	358008	8403	0	0	0	0	0	0	0	0	0	0	0	0	0	1	0	0	0	1	0	0	0	3948	0	7	1225	1	1	0	2834	1	0	1	0	3	0	2
67	1.7904	1.8764	0	0	0	0	0	0	0	0	0	0	0	0	0	0	0	0	3418	1941	12915	453500	492126	9065	8636	357343	8413	0	0	0	0	0	0	0	0	0	0	1	0	0	0	0	1	5	0	0	1	0	3844	1	6	596	0	0	3	2862	2	0	1	0	2	0	1
68	1.7904	1.8868	0	0	0	0	0	0	0	0	0	0	0	0	0	0	0	0	3497	1980	12651	451686	491283	9075	8689	356856	8392	0	0	0	1	0	0	0	0	0	1	0	0	0	0	0	1	1	0	0	1	0	3769	0	3	248	1	1	2	2907	3	0	0	0	1	0	1
69	1.7904	1.8973	0	0	0	0	0	0	0	0	0	0	0	0	0	0	0	0	3678	1944	12784	451465	490641	9153	8610	356412	8543	0	0	0	1	0	0	0	0	0	1	0	0	0	0	0	4	2	0	0	1	0	3824	0	4	145	0	1	3	2809	1	0	0	0	0	0	1
70	1.7904	1.9076	0	0	0	0	0	0	0	0	0	0	0	0	0	0	0	0	3654	1963	12933	453538	491940	9070	8774	355777	8600	0	0	0	0	0	0	0	0	0	0	0	0	0	0	0	2	3	0	0	0	0	3727	0	7	324	2	3	5	2951	0	0	0	0	1	0	0
71	1.7904	1.9179	0	0	0	0	0	0	0	0	0	0	0	0	0	0	0	0	3683	1925	12650	450952	492896	9065	8661	357203	8478	0	0	0	0	0	0	0	0	0	0	0	0	0	1	0	0	1	0	0	1	0	3720	2	2	718	0	0	4	2936	5	0	0	0	1	0	0
72	1.7904	1.9282	0	0	0	0	0	0	0	0	0	0	0	0	0	0	0	0	3572	1971	12647	449429	492835	9037	8821	354849	8380	0	0	0	0	0	0	0	0	0	0	0	0	0	0	0	1	0	0	0	2	0	3837	1	3	1456	2	1	1	2842	1	0	2	0	2	0	0
73	1.7904	1.9384	0	0	0	0	0	0	0	0	0	0	0	0	0	0	0	0	3522	2039	12598	450193	491681	8984	8808	354943	8430	0	0	1	1	0	0	0	0	0	2	0	0	0	0	0	2	0	0	0	2	0	3801	0	4	2276	3	2	0	2876	1	0	0	0	2	0	4
74	1.7904	1.9485	0	0	0	0	0	0	0	0	0	0	0	0	0	0	0	0	3559	2071	12843	452705	494438	8907	8672	356570	8573	0	0	0	0	0	0	0	0	0	3	0	0	0	0	0	0	0	0	0	2	0	3803	2	5	3036	2	0	7	2908	0	0	0	0	3	0	1
75	1.7904	1.9586	0	0	0	0	0	0	0	0	0	0	0	0	0	0	0	0	3416	1983	12566	451201	492480	9004	8576	357391	8585	0	0	1	0	0	0	0	0	0	0	0	0	0	0	0	1	0	0	0	1	0	3733	0	2	3906	0	0	7	2890	2	0	0	0	3	1	0
76	1.7905	1.7000	0	0	0	0	0	0	0	0	0	0	0	0	0	0	0	0	3595	1927	12753	447605	488801	9034	8579	360168	8499	0	0	0	0	0	0	0	0	0	0	0	0	0	1	0	1	0	0	0	1	0	3868	2	2	375	1	0	5	2892	0	0	3	1	0	0	0
77	1.7905	1.7116	0	0	0	0	0	0	0	0	0	0	0	0	0	0	0	0	3597	1916	12920	451112	489398	9002	8830	360506	8470	0	0	0	3	0	0	1	0	0	0	0	0	0	0	0	0	2	0	0	0	0	3951	0	3	806	1	1	4	2776	1	0	2	0	1	0	0
78	1.7905	1.7230	0	0	0	0	0	0	0	0	0	0	0	0	0	0	0	0	3660	1945	12788	450547	492173	8907	8679	360649	8471	0	0	1	1	0	0	0	0	0	0	1	0	0	1	0	0	2	0	0	0	0	3896	0	2	1460	3	4	3	2899	4	0	1	0	4	0	1
79	1.7905	1.7344	0	0	0	0	0	0	0	0	0	0	0	0	0	0	0	0	3669	2006	12483	450232	488270	9065	8715	359835	8470	0	0	1	0	0	0	0	0	0	0	0	0	0	0	0	3	2	0	0	2	0	3867	1	1	2309	2	0	6	2808	1	0	2	0	2	0	3
80	1.7905	1.7458	0	0	0	0	0	0	0	0	0	0	0	0	0	0	0	0	3584	1854	12796	452299	490133	9051	8670	360322	8519	0	0	1	0	0	0	0	0	0	0	1	0	0	0	0	2	1	0	0	2	0	3989	1	4	3149	1	2	6	2899	3	0	1	0	3	0	1
81	1.7905	1.7570	0	0	0	0	0	0	0	0	0	0	0	0	0	0	0	0	3589	2017	12757	452176	491806	8958	8929	359263	8717	0	0	0	1	0	0	0	0	0	0	0	0	0	0	0	1	2	0	0	1	0	3778	0	2	3878	8	1	3	2819	2	0	1	0	3	0	2
82	1.7905	1.7682	0	0	0	0	0	0	0	0	0	0	0	0	0	0	0	0	3634	1975	12767	452411	489552	9104	8717	361120	8545	0	0	0	0	0	0	0	0	0	0	0	0	0	0	0	2	4	0	0	0	0	3778	0	2	4537	1	2	1	2866	2	0	0	0	3	0	1
83	1.7905	1.7793	0	0	0	0	0	0	0	0	0	0	0	0	0	0	0	0	3651	1881	12714	454565	493440	9159	8545	361036	8411	0	0	0	0	0	0	0	0	0	0	1	0	0	0	0	0	1	0	0	2	0	3897	0	1	5126	3	2	4	2861	2	0	1	0	2	0	0
84	1.7905	1.7904	0	0	0	0	0	0	0	0	0	0	0	0	0	0	0	0	3707	2027	12864	456050	493152	8984	8623	362967	8641	0	0	0	0	0	0	0	0	0	1	3	0	0	0	0	0	3	0	0	0	0	3857	1	0	5415	1	2	5	2831	0	0	1	0	9	0	2
85	1.7905	1.8013	0	0	0	0	0	0	0	0	0	0	0	0	0	0	0	0	3638	2002	12559	455001	491932	9051	8683	361919	8613	0	0	0	0	0	0	0	0	0	1	0	0	0	0	0	1	1	0	0	3	0	3839	0	0	5319	0	2	4	2790	4	0	3	0	2	0	2
86	1.7905	1.8122	0	0	0	0	0	0	0	0	0	0	0	0	0	0	0	0	3557	1971	12656	454769	493028	9038	8658	361599	8581	0	0	3	0	0	0	0	0	0	1	0	0	0	2	0	1	1	0	0	4	0	3849	0	1	4885	3	1	3	2857	2	0	3	0	4	0	3
87	1.7905	1.8231	0	0	0	0	0	0	0	0	0	0	0	0	0	0	0	0	3550	1975	12688	454893	489833	9157	8582	359867	8307	0	0	0	1	0	0	0	0	0	0	0	0	0	1	0	1	1	0	0	1	0	3885	0	1	4428	1	0	2	2781	5	0	1	0	4	0	0
88	1.7905	1.8339	0	0	0	0	0	0	0	0	0	0	0	0	0	0	0	0	3673	1976	12831	453217	488889	9145	8457	359696	8277	0	0	1	0	0	0	0	0	0	0	1	0	0	1	0	2	2	0	0	0	0	3891	0	3	3604	0	1	4	2866	1	0	2	0	6	0	2
89	1.7905	1.8446	0	0	0	0	0	0	0	0	0	0	0	0	0	0	0	0	3586	1873	12605	452730	489756	9111	8570	359149	8532	0	0	0	1	0	0	0	0	0	1	0	0	0	1	0	1	3	0	0	0	0	3782	2	4	2858	0	0	5	2807	0	0	1	0	1	0	3
90	1.7905	1.8552	0	0	0	0	0	0	0	0	0	0	0	0	0	0	0	0	3627	2077	12525	453305	488667	8848	8745	358311	8556	0	0	0	0	0	0	0	0	0	1	0	0	0	1	0	1	2	0	0	0	0	3907	0	6	1953	3	1	5	2768	2	0	0	0	7	0	3
91	1.7905	1.8658	0	0	0	0	0	0	0	0	0	0	0	0	0	0	0	0	3588	1998	12724	452319	486266	9157	8751	357328	8803	0	0	0	0	0	0	0	0	1	0	0	0	0	0	0	1	0	0	0	1	0	3947	0	3	1262	2	0	4	2817	2	0	2	0	2	0	2
92	1.7905	1.8764	0	0	0	0	0	0	0	0	0	0	0	0	0	0	0	0	3584	1977	12910	454193	490907	9160	8670	358253	8489	0	0	0	0	0	0	0	0	0	1	1	0	0	1	0	0	1	0	0	3	0	3950	4	7	643	1	1	4	2835	2	0	3	0	0	0	1
93	1.7905	1.8868	0	0	0	0	0	0	0	0	0	0	0	0	0	0	0	0	3675	2021	12657	452413	489398	9009	8894	359025	8766	0	0	0	0	0	0	0	0	0	1	0	0	0	0	0	0	1	0	1	1	0	3906	2	4	225	0	1	2	2908	1	0	3	0	3	0	3
94	1.7905	1.8973	0	0	0	0	0	0	0	0	0	0	0	0	0	0	0	0	3614	1984	12772	453276	486596	9112	8699	356949	8708	0	0	0	0	0	0	0	0	0	2	0	0	0	0	0	1	4	0	0	0	0	3701	3	3	119	2	0	5	2886	0	0	1	0	0	0	2
95	1.7905	1.9076	0	0	0	0	0	0	0	0	0	0	0	0	0	0	0	0	3545	2007	12729	450834	487114	9038	8683	355746	8587	0	0	1	0	0	0	0	0	0	0	0	0	0	0	0	1	1	1	0	1	0	3856	2	7	327	0	2	3	2911	1	0	0	0	0	0	0
96	1.7905	1.9179	0	0	0	0	0	0	0	0	0	0	0	0	0	0	0	0	3645	2001	12711	450668	485684	9175	8664	355721	8702	0	1	0	0	0	0	0	0	0	0	0	0	0	0	0	0	0	0	0	2	0	3779	4	2	792	0	0	3	2809	4	0	2	0	1	0	2
97	1.7905	1.9282	0	0	0	0	0	0	0	0	0	0	0	0	0	0	0	0	3664	2094	12813	452094	486852	9069	8814	356062	8416	0	0	1	0	0	0	0	0	0	0	1	0	0	0	0	3	4	0	0	1	0	3708	0	3	1510	4	2	6	2834	1	0	2	0	1	0	2
98	1.7905	1.9384	0	0	0	0	0	0	0	0	0	0	0	0	0	0	0	0	3459	1971	13005	450453	487569	9127	8590	355057	8556	0	0	3	1	0	0	0	0	0	0	0	0	0	1	0	2	3	0	0	0	0	3793	2	0	2232	0	2	2	2783	2	0	1	0	2	0	1
99	1.7905	1.9485	0	0	0	0	0	0	0	0	0	0	0	0	0	0	0	0	3634	1904	12736	452250	487455	9053	8706	356393	8661	0	0	1	0	0	0	0	0	0	0	1	0	0	1	0	0	0	0	0	2	0	3789	1	2	3064	0	2	4	2820	0	0	1	0	2	0	4
100	1.7905	1.9586	0	0	0	0	0	0	0	0	0	0	0	0	0	0	0	0	3531	1887	12414	450608	488830	8947	8789	354925	8457	0	0	0	0	0	0	0	0	0	0	0	0	0	0	0	0	1	0	0	0	0	3827	1	3	3872	1	0	3	2881	1	0	1	0	2	0	1
101	1.7907	1.7000	0	0	0	0	0	0	0	0	0	0	0	0	0	0	0	0	3515	1958	12709	446683	485712	8982	8674	358016	8629	0	0	0	1	0	0	0	0	0	0	0	0	0	2	0	0	0	0	0	0	0	3762	0	5	332	1	1	3	2827	2	0	0	0	0	0	1
102	1.7907	1.7116	0	0	0	0	0	0	0	0	0	0	0	0	0	0	0	0	3511	2027	12817	446404	487071	9035	8535	357925	8597	0	0	0	0	0	0	0	0	0	2	0	0	0	0	0	2	2	0	0	2	0	3724	0	7	807	3	2	2	2829	4	0	1	0	1	0	4
103	1.7907	1.7230	0	0	0	0	0	0	0	0	0	0	0	0	0	0	0	0	3690	1903	12762	451904	489421	9007	8666	360624	8518	0	0	0	1	0	0	0	0	0	0	1	0	0	0	0	2	0	0	0	1	0	3869	1	5	1512	0	0	5	2818	4	0	2	0	1	0	0
104	1.7907	1.7344	0	0	0	0	0	0	0	0	0	0	0	0	0	0	0	0	3508	1902	12666	451913	489878	8864	8738	358820	8648	0	0	0	0	0	0	0	0	0	0	3	0	0	0	0	0	4	0	0	0	0	3804	0	2	2405	2	1	3	2759	4	0	0	0	1	0	1
105	1.7907	1.7458	0	0	0	0	0	0	0	0	0	0	0	0	0	0	0	0	3514	1892	12781	450145	490139	9013	8535	359430	8678	0	0	0	0	0	0	1	0	0	0	0	0	0	0	0	0	2	0	0	2	0	3887	1	6	3103	1	1	0	2858	2	0	0	0	2	0	0
106	1.7907	1.7570	0	0	0	0	0	0	0	0	0	0	0	0	0	0	0	0	3687	1945	12819	450865	485476	8982	8465	357681	8534	0	0	0	0	0	0	0	0	0	0	0	0	0	1	0	3	2	0	0	0	0	3878	1	3	3895	0	3	3	2789	1	0	1	0	3	0	0
107	1.7907	1.7682	0	0	0	0	0	0	0	0	0	0	0	0	0	0	0	0	3584	1962	12576	449504	487863	8744	8776	357340	8407	0	0	0	1	0	0	0	0	0	0	0	0	0	0	0	1	2	0	0	2	0	3935	0	2	4574	1	1	2	2712	2	0	2	0	5	0	0
108	1.7907	1.7793	0	0	0	0	0	0	0	0	0	0	0	0	0	0	0	0	3571	1907	12777	449168	488820	9005	8755	358239	8452	0	0	1	0	0	0	0	0	0	0	0	0	0	0	0	1	1	0	0	1	0	3877	1	3	5047	1	1	6	2879	1	0	3	0	2	0	0
109	1.7907	1.7904	0	0	0	0	0	0	0	0	0	0	0	0	0	0	0	0	3500	1983	12793	452061	488615	8982	8718	361004	8339	0	0	0	2	0	0	0	0	0	1	1	0	0	0	0	2	1	0	0	0	0	4029	2	1	5426	0	2	4	2857	2	0	0	0	3	0	0
110	1.7907	1.8013	0	0	0	0	0	0	0	0	0	0	0	0	0	0	0	0	3647	1952	13028	451683	489161	8903	8758	359251	8563	0	0	1	0	0	0	1	0	0	0	0	0	0	0	0	1	2	0	0	0	0	3952	1	1	5176	1	3	6	2664	2	0	0	0	3	0	2
111	1.7907	1.8122	0	0	0	0	0	0	0	0	0	0	0	0	0	0	0	0	3604	1949	12904	455586	490784	9016	8727	359471	8571	0	0	0	1	0	0	0	0	0	0	0	0	0	0	0	1	2	0	0	1	0	3908	0	1	4954	1	0	4	2802	0	0	0	0	3	0	1
112	1.7907	1.8231	0	0	0	0	0	0	0	0	0	0	0	0	0	0	0	0	3509	2001	12821	456908	493594	8945	8686	361384	8542	0	0	1	0	0	0	0	0	0	0	0	0	0	0	0	0	1	0	0	2	0	4021	0	2	4459	0	1	3	2787	3	0	1	0	7	0	0
113	1.7907	1.8339	0	0	0	0	0	0	0	0	0	0	0	0	0	0	0	0	3719	2039	12841	454518	494527	8939	8764	361125	8480	0	0	0	0	0	0	0	0	0	1	0	0	0	2	0	2	2	0	0	0	0	3790	3	2	3670	2	1	3	2870	0	0	1	0	3	0	3
114	1.7907	1.8446	0	0	0	0	0	0	0	0	0	0	0	0	0	0	0	0	3537	1989	12714	455456	491569	8860	8679	361233	8533	0	0	0	0	0	0	0	0	0	1	0	0	0	0	0	1	1	0	0	2	0	3927	0	3	2845	2	1	6	2798	0	0	0	0	4	0	0
115	1.7907	1.8552	0	0	0	0	0	0	0	0	0	0	0	0	0	0	0	0	3596	2011	12696	456610	491408	9037	8582	359381	8446	0	0	0	0	0	0	0	0	0	0	0	0	0	0	0	1	0	0	0	2	0	3908	1	3	1970	0	2	4	2779	1	0	1	0	2	0	1
116	1.7907	1.8658	0	0	0	0	0	0	0	0	0	0	0	0	0	0	0	0	3531	1962	12654	454905	489756	9159	8610	358333	8488	0	0	0	0	0	0	0	0	0	0	0	0	0	0	0	0	1	1	0	1	0	3883	1	6	1212	0	1	3	2956	0	0	0	0	1	0	1
117	1.7907	1.8764	0	0	0	0	0	0	0	0	0	0	0	0	0	0	0	0	3448	1988	12611	452467	486623	8867	8794	357299	8422	0	0	0	0	0	0	0	0	0	1	0	0	0	0	0	3	1	0	0	0	0	3810	2	7	588	0	2	1	2899	2	0	1	0	0	0	5
118	1.7907	1.8868	0	0	0	0	0	0	0	0	0	0	0	0	0	0	0	0	3568	1925	12868	453134	488491	8938	8670	356734	8745	0	0	0	1	0	0	0	0	0	0	0	0	0	0	0	0	1	0	0	0	0	3873	2	8	242	1	2	5	2851	2	0	0	0	0	1	1
119	1.7907	1.8973	0	0	0	0	0	0	0	0	0	0	0	0	0	0	0	0	3466	1986	12747	453559	487424	8898	8558	357805	8613	0	0	0	0	0	0	0	0	0	2	0	0	0	0	0	1	1	0	0	0	0	3935	0	9	135	0	4	2	2946	1	0	0	0	2	0	3
120	1.7907	1.9076	0	0	0	0	0	0	0	0	0	0	0	0	0	0	0	0	3524	1979	12684	453577	487414	9055	8770	356711	8496	0	0	0	1	0	0	1	0	0	2	0	0	0	0	0	3	1	0	1	0	0	3760	1	3	322	1	1	6	2844	2	0	0	0	0	0	0
121	1.7907	1.9179	0	0	0	0	0	0	0	0	0	0	0	0	0	0	0	0	3502	1998	12641	453344	488211	8985	8616	357525	8396	0	0	0	0	0	0	1	0	0	0	0	0	0	0	0	0	0	0	0	0	0	3772	2	3	723	3	0	4	2810	3	0	1	0	1	0	1
122	1.7907	1.9282	0	0	0	0	0	0	0	0	0	0	0	0	0	0	0	0	3520	1900	12615	451398	489018	9044	8531	357219	8595	0	1	0	1	0	0	0	0	0	0	0	0	0	0	0	3	1	0	0	2	0	3828	1	3	1404	4	1	2	2876	0	0	2	0	1	0	2
123	1.7907	1.9384	0	0	0	0	0	0	0	0	0	0	0	0	0	0	0	0	3581	1908	12523	452755	489172	9031	8749	357325	8546	0	0	0	0	0	0	0	0	0	0	0	0	0	0	0	1	0	0	0	0	0	3755	2	5	2272	1	1	6	2843	2	0	0	0	3	0	0
124	1.7907	1.9485	0	0	0	0	0	0	0	0	0	0	0	0	0	0	0	0	3648	2010	12812	453974	489378	8894	8811	358641	8532	0	0	0	1	0	0	0	0	0	0	0	0	0	0	0	1	1	0	0	0	0	3807	1	6	3082	3	1	5	2850	2	0	0	0	2	0	2
125	1.7907	1.9586	0	0	0	0	0	0	0	0	0	0	0	0	0	0	0	0	3703	1982	12752	450890	488329	9003	8759	357396	8470	0	0	0	0	0	0	1	0	0	1	0	0	0	0	0	1	1	1	0	0	0	3650	1	2	3924	0	0	2	2896	2	0	0	0	2	0	2
126	1.7909	1.7000	0	0	0	0	0	0	0	0	0	0	0	0	0	0	0	0	3582	1958	12706	450734	483990	9013	8652	359010	8501	0	0	0	0	0	0	1	0	0	0	0	0	0	0	0	1	0	0	0	0	0	3799	1	3	309	3	0	4	2786	2	0	0	0	1	0	2
127	1.7909	1.7116	0	0	0	0	0	0	0	0	0	0	0	0	0	0	0	0	3528	1955	12853	448791	481685	9113	8704	357360	8399	0	0	0	0	0	0	0	0	0	1	2	0	0	0	0	0	1	0	0	3	0	3873	0	5	797	2	1	1	2861	0	0	0	0	3	0	1
128	1.7909	1.7230	0	0	0	0	0	0	0	0	0	0	0	0	0	0	0	0	3470	1967	12724	446594	481211	8990	8608	357154	8442	0	0	1	1	0	0	0	0	0	0	0	0	0	0	0	1	0	0	0	3	0	3814	3	7	1479	5	3	3	2799	1	0	1	0	1	0	2
129	1.7909	1.7344	0	0	0	0	0	0	0	0	0	0	0	0	0	0	0	0	3514	2006	12872	446846	481529	8983	8599	355765	8413	0	0	1	1	0	0	0	0	0	0	2	0	0	0	0	1	1	0	0	1	0	3828	1	0	2205	0	1	7	2730	1	0	0	0	2	0	1
130	1.7909	1.7458	0	0	0	0	0	0	0	0	0	0	0	0	0	0	0	0	3558	1889	12691	447238	480159	8753	8493	356748	8349	0	0	0	0	0	0	0	0	0	0	0	0	0	1	0	1	1	1	0	5	0	3887	1	4	3043	2	1	1	2869	0	0	0	0	1	0	0
131	1.7909	1.7570	0	0	0	0	0	0	0	0	0	0	0	0	0	0	0	0	3539	1936	12596	448146	479253	9029	8496	355606	8438	0	0	0	1	0	0	1	0	0	0	0	0	0	0	0	1	1	0	0	0	0	3778	1	0	3847	0	2	2	2782	3	0	2	0	4	0	0
132	1.7909	1.7682	0	0	0	0	0	0	0	0	0	0	0	0	0	0	0	0	3410	1887	12499	448696	483862	8931	8521	355585	8411	0	0	0	0	0	0	1	0	0	1	0	0	0	0	0	1	3	0	0	2	0	3950	1	1	4437	3	2	6	2746	1	0	0	0	2	0	1
133	1.7909	1.7793	0	0	0	0	0	0	0	0	0	0	0	0	0	0	0	0	3467	2007	12824	451118	484031	9036	8544	357780	8447	0	0	0	0	0	0	0	0	0	0	0	0	0	0	0	1	1	0	0	0	0	3813	0	1	5099	1	2	6	2764	2	0	2	0	2	0	2
134	1.7909	1.7904	0	0	0	0	0	0	0	0	0	0	0	0	0	0	0	0	3629	1973	12630	450749	483403	8855	8586	356413	8427	0	0	0	0	0	0	0	0	0	0	2	0	0	0	0	1	1	0	0	1	0	3974	2	1	5342	1	2	2	2772	1	0	1	0	3	0	0
135	1.7909	1.8013	0	0	0	0	0	0	0	0	0	0	0	0	0	0	0	0	3518	1868	12641	451155	484778	8988	8789	359208	8494	0	0	0	0	0	0	0	0	0	0	0	0	0	0	0	3	2	0	0	1	0	3814	1	2	5205	1	4	2	2773	1	0	1	0	2	0	2
136	1.7909	1.8122	0	0	0	0	0	0	0	0	0	0	0	0	0	0	0	0	3519	1938	12533	450427	483739	8858	8582	356359	8506	0	0	1	0	0	0	1	0	0	0	1	0	0	1	0	1	1	0	0	3	0	3896	0	4	4975	2	0	2	2689	0	1	1	0	4	0	1
137	1.7909	1.8231	0	0	0	0	0	0	0	0	0	0	0	0	0	0	0	0	3543	2020	12523	450539	485018	8926	8678	357896	8636	0	0	0	0	0	0	0	0	0	0	1	0	0	0	0	0	1	0	0	2	0	3825	0	2	4510	1	0	4	2797	3	0	0	0	2	0	3
138	1.7909	1.8339	0	0	0	0	0	0	0	0	0	0	0	0	0	0	0	0	3449	2015	12884	452401	487230	9044	8803	358502	8406	0	0	1	0	0	0	0	0	0	1	1	0	0	1	0	0	1	0	0	0	0	3915	0	2	3688	1	1	3	2745	2	0	0	0	4	0	1
139	1.7909	1.8446	0	0	0	0	0	0	0	0	0	0	0	0	0	0	0	0	3573	1966	12775	453428	485204	9189	8637	359410	8463	0	0	0	1	0	0	1	0	0	0	0	0	0	0	0	0	3	0	0	0	0	3814	0	2	2974	0	0	4	2700	2	0	1	0	3	0	0
140	1.7909	1.8552	0	0	0	0	0	0	0	0	0	0	0	0	0	0	0	0	3606	1995	12680	456112	486737	9141	8654	358451	8431	0	0	0	0	0	0	1	0	0	0	1	0	0	0	0	0	2	0	1	2	0	3953	0	7	2070	2	0	7	2863	1	0	2	0	3	0	0
141	1.7909	1.8658	0	0	0	0	0	0	0	0	0	0	0	0	0	0	0	0	3636	1969	12753	453151	483968	9043	8696	357255	8392	0	0	0	1	0	0	0	0	0	0	1	0	0	0	0	0	2	0	0	0	0	3877	0	4	1264	3	3	2	2830	1	0	0	0	4	0	0
142	1.7909	1.8764	0	0	0	0	0	0	0	0	0	0	0	0	0	0	0	0	3709	1890	12806	455656	486827	8877	8675	358396	8468	0	0	0	0	0	0	0	0	0	1	0	0	0	1	0	0	3	0	0	3	0	3850	1	6	597	0	2	4	2843	2	0	0	0	3	0	1
143	1.7909	1.8868	0	0	0	0	0	0	0	0	0	0	0	0	0	0	0	0	3565	1889	12661	455197	487777	9138	8709	358435	8457	0	0	0	0	0	0	0	0	0	0	0	0	0	0	0	2	1	0	0	2	0	3846	2	4	220	0	1	2	2849	2	0	3	0	0	0	0
144	1.7909	1.8973	0	0	0	0	0	0	0	0	0	0	0	0	0	0	0	0	3578	1996	12728	450940	483868	9193	8671	356566	8594	0	0	0	0	0	0	0	0	0	0	0	0	0	1	0	2	1	0	0	3	0	3868	5	6	134	5	1	8	2726	2	0	1	0	0	0	0
145	1.7909	1.9076	0	0	0	0	0	0	0	0	0	0	0	0	0	0	0	0	3632	1971	12707	452967	483543	8999	8605	356088	8398	0	0	1	1	0	0	0	0	0	0	0	0	0	0	0	4	1	0	0	1	0	3872	1	5	297	0	2	3	2798	2	0	0	0	2	0	2
146	1.7909	1.9179	0	0	0	0	0	0	0	0	0	0	0	0	0	0	0	0	3544	1897	12754	450620	482120	9114	8650	354890	8533	0	0	0	0	0	0	0	0	0	1	1	0	0	0	0	1	0	0	0	1	0	3795	1	5	709	2	0	2	2875	2	0	2	0	1	0	0
147	1.7909	1.9282	0	0	0	0	0	0	0	0	0	0	0	0	0	0	0	0	3623	2052	12667	452213	483826	8897	8773	356240	8554	0	0	0	0	0	0	0	0	0	0	0	0	0	0	0	1	2	0	0	0	0	3721	3	3	1476	1	0	7	2842	3	0	1	0	3	0	3
148	1.7909	1.9384	0	0	0	0	0	0	0	0	0	0	0	0	0	0	0	0	3605	1966	12817	453554	486589	8949	8737	357878	8560	0	0	0	1	0	0	0	0	0	0	0	0	0	0	0	2	1	0	0	5	0	3740	3	4	2188	1	0	3	2944	3	1	0	0	0	0	0
149	1.7909	1.9485	0	0	0	0	0	0	0	0	0	0	0	0	0	0	0	0	3508	2046	12718	451597	484453	8949	9003	356771	8549	0	0	1	0	0	0	0	0	0	0	0	0	0	1	0	3	1	0	0	1	1	3736	0	6	3059	1	0	2	2959	2	0	1	0	3	0	2
150	1.7909	1.9586	0	0	0	0	0	0	0	0	0	0	0	0	0	0	0	0	3595	2096	12721	450421	483641	9046	8757	355295	8527	0	0	0	0	0	0	1	0	0	0	0	0	0	0	0	4	0	0	0	1	0	3768	0	3	3824	1	1	9	2821	1	0	0	0	6	0	2
151	1.7911	1.7000	0	0	0	0	0	0	0	0	0	0	0	0	0	0	0	0	3543	2078	13068	450960	481735	9032	8835	360691	8578	0	0	0	0	0	0	0	0	0	0	1	0	0	0	0	2	2	0	0	0	0	3831	0	4	355	4	0	4	2899	3	0	1	0	3	1	0
152	1.7911	1.7116	0	0	0	0	0	0	0	0	0	0	0	0	0	0	0	0	3644	2052	12779	449353	478614	9109	8731	360523	8646	0	0	0	0	0	0	0	0	0	1	1	0	0	0	0	0	0	0	0	2	0	3851	2	7	787	1	2	3	2800	1	0	3	0	2	0	0
153	1.7911	1.7230	0	0	0	0	0	0	0	0	0	0	0	0	0	0	0	0	3687	1857	13090	450021	481268	9163	8743	359026	8663	0	0	0	0	0	0	1	0	0	0	0	0	0	0	0	0	2	0	0	1	0	3865	0	2	1467	3	2	4	2852	0	0	0	0	1	0	0
154	1.7911	1.7344	0	0	0	0	0	0	0	0	0	0	0	0	0	0	0	0	3510	2007	12731	448937	479605	9057	8954	358538	8547	0	0	0	0	0	0	0	0	0	0	0	0	0	0	0	1	2	0	0	1	0	3773	0	1	2248	0	1	3	2800	4	0	1	0	2	0	2
155	1.7911	1.7458	0	0	0	0	0	0	0	0	0	0	0	0	0	0	0	0	3561	1968	13008	448703	479715	9131	8593	357638	8461	0	0	0	0	0	0	1	0	0	1	1	0	0	0	0	1	3	0	0	0	0	3836	1	2	3038	0	5	3	2777	2	0	1	0	3	0	3
156	1.7911	1.7570	0	0	0	0	0	0	0	0	0	0	0	0	0	0	0	0	3632	1892	12909	450678	480843	9047	8637	360319	8600	0	0	0	0	0	0	0	0	0	0	0	0	0	0	0	0	2	0	0	0	0	3786	1	2	3975	0	0	2	2658	5	0	0	0	4	0	1
157	1.7911	1.7682	0	0	0	0	0	0	0	0	0	0	0	0	0	0	0	0	3578	1905	12682	448626	480313	8857	8694	357792	8419	0	0	0	0	0	0	0	0	0	1	0	0	0	0	0	0	3	1	0	2	0	3669	4	1	4624	0	0	4	2746	1	0	2	0	2	0	3
158	1.7911	1.7793	0	0	0	0	0	0	0	0	0	0	0	0	0	0	0	0	3533	1999	12592	450786	482162	9054	8619	359146	8534	0	0	0	1	0	0	0	0	0	0	0	0	0	1	0	1	2	0	0	2	0	3847	1	0	4963	4	1	3	2626	2	0	0	0	3	0	1
159	1.7911	1.7904	0	0	0	0	0	0	0	0	0	0	0	0	0	0	0	0	3533	1927	12989	451225	482082	8868	8675	359919	8571	0	0	0	1	0	0	0	0	0	0	3	0	0	1	0	2	1	0	0	1	0	3706	1	2	5245	2	1	1	2789	2	0	2	0	6	0	0
160	1.7911	1.8013	0	0	0	0	0	0	0	0	0	0	0	0	0	0	0	0	3564	1963	12755	452239	482974	9019	8576	360830	8486	0	0	0	0	0	0	0	0	0	0	0	0	0	1	0	1	1	0	0	1	0	3877	1	1	5428	2	2	5	2800	3	0	0	0	1	0	0
161	1.7911	1.8122	0	0	0	0	0	0	0	0	0	0	0	0	0	0	0	0	3610	1933	12721	451187	480458	9192	8736	359373	8631	0	0	0	0	1	0	0	0	0	0	0	0	0	0	0	3	3	0	0	2	0	3837	0	1	5019	1	0	6	2836	2	0	2	0	4	0	3
162	1.7911	1.8231	0	0	0	0	0	0	0	0	0	0	0	0	0	0	0	0	3540	1878	12808	454294	480928	8917	8682	359857	8560	0	0	1	1	0	0	0	0	0	0	0	0	0	0	0	3	2	0	0	1	0	3860	3	5	4577	0	1	3	2777	3	0	3	0	3	0	3
163	1.7911	1.8339	0	0	0	0	0	0	0	0	0	0	0	0	0	0	0	0	3559	1968	12683	453753	482531	9023	8619	359568	8687	0	0	0	0	0	0	0	0	0	0	1	0	0	0	0	1	3	0	1	2	0	3871	1	4	3772	3	1	0	2811	2	0	1	0	3	0	2
164	1.7911	1.8446	0	0	0	0	0	0	0	0	0	0	0	0	0	0	0	0	3426	1953	12815	452549	480905	9174	8622	358711	8504	0	0	1	0	0	0	0	0	0	2	1	0	0	0	0	1	0	0	0	0	0	3835	4	1	2957	2	1	4	2730	1	0	1	0	4	0	0
165	1.7911	1.8552	0	0	0	0	0	0	0	0	0	0	0	0	0	0	0	0	3456	1977	12640	454717	481346	9061	8621	358850	8468	0	0	0	0	0	0	0	0	0	0	0	0	0	0	0	1	1	0	0	1	0	3946	0	3	2028	0	1	5	2802	2	0	0	0	4	0	1
166	1.7911	1.8658	0	0	0	0	0	0	0	0	0	0	0	0	0	0	0	0	3477	2011	12921	454534	481868	9128	8642	359178	8502	0	0	0	1	0	0	0	0	0	0	0	0	0	0	0	0	4	0	0	2	0	3882	1	6	1202	3	0	4	2772	2	0	0	0	1	0	3
167	1.7911	1.8764	0	0	0	0	0	0	0	0	0	0	0	0	0	0	0	0	3509	1924	12738	453553	482779	8987	8539	357528	8471	0	0	0	0	0	0	0	0	0	0	1	0	0	1	0	1	1	0	0	0	0	3899	2	3	558	2	1	3	2898	1	1	0	0	4	0	0
168	1.7911	1.8868	0	0	0	0	0	0	0	0	0	0	0	0	0	0	0	0	3566	1941	12836	452267	480481	8827	8586	357358	8474	0	0	1	0	0	0	0	0	0	0	0	0	0	0	0	1	2	0	0	1	0	3801	0	8	184	0	0	7	2788	2	0	1	0	0	0	0
169	1.7911	1.8973	0	0	0	0	0	0	0	0	0	0	0	0	0	0	0	0	3435	1988	12617	451369	483709	8952	8536	356308	8393	0	0	0	0	0	0	0	0	0	1	0	0	0	0	0	3	1	0	0	1	0	3811	2	2	131	1	0	5	2903	3	0	0	0	1	0	1
170	1.7911	1.9076	0	0	0	0	0	0	0	0	0	0	0	0	0	0	0	0	3565	1922	12797	451923	482564	8939	8681	357088	8380	0	0	1	0	0	0	0	0	0	1	0	0	0	0	0	4	2	0	0	2	0	3886	2	3	320	2	3	5	2839	1	0	1	0	0	0	2
171	1.7911	1.9179	0	0	0	0	0	0	0	0	0	0	0	0	0	0	0	0	3497	1942	12450	451971	480581	9048	8671	356807	8427	0	0	0	0	0	0	0	0	0	0	0	0	0	1	0	2	1	0	0	1	0	3766	1	4	762	1	3	4	2832	2	1	3	0	0	1	1
172	1.7911	1.9282	0	0	0	0	0	0	0	0	0	0	0	0	0	0	0	0	3503	1925	12667	451282	482989	9021	8504	356586	8521	0	0	0	0	0	0	0	0	0	0	0	0	0	0	0	1	1	0	0	1	0	3776	1	6	1464	1	1	4	2872	2	0	2	0	2	0	0
173	1.7911	1.9384	0	0	0	0	0	0	0	0	0	0	0	0	0	0	0	0	3458	1950	12715	450535	481887	8837	8598	355131	8384	0	0	1	0	0	0	1	0	0	0	1	0	0	0	0	1	1	0	0	0	0	3736	1	5	2087	0	1	1	2845	3	0	1	0	3	0	1
174	1.7911	1.9485	0	0	0	0	0	0	0	0	0	0	0	0	0	0	0	0	3549	1922	12500	451838	481918	8964	8479	357293	8483	0	0	0	0	0	0	1	0	0	0	0	0	0	0	0	2	2	0	0	2	0	3574	0	6	3175	0	2	0	2856	1	0	2	0	2	0	0
175	1.7911	1.9586	0	0	0	0	0	0	0	0	0	0	0	0	0	0	0	0	3420	1924	12450	450078	481751	9061	8536	355190	8397	0	0	0	0	0	0	0	0	0	0	1	0	0	0	0	1	2	0	0	0	0	3672	2	6	3930	0	1	6	2938	5	0	0	0	1	0	0
176	1.7913	1.7000	0	0	0	0	0	0	0	0	0	0	0	0	0	0	0	0	3488	1922	12521	446846	478020	8901	8534	358037	8423	0	0	0	0	0	0	0	0	0	1	0	0	0	0	0	0	1	0	0	1	0	3767	1	5	348	1	1	7	2832	1	0	1	0	2	0	2
177	1.7913	1.7116	0	0	0	0	0	0	0	0	0	0	0	0	0	0	0	0	3421	1789	12510	445788	476855	8855	8447	355989	8369	0	0	1	0	0	0	0	0	0	1	0	0	0	0	0	2	0	0	0	1	0	3780	1	6	756	1	2	6	2648	0	0	1	0	1	0	0
178	1.7913	1.7230	0	0	0	0	0	0	0	0	0	0	0	0	0	0	0	0	3517	1869	12628	447534	479618	8903	8530	358317	8340	0	0	0	0	0	0	0	0	0	0	0	0	0	0	0	0	2	0	0	0	0	3781	0	3	1495	2	0	3	2740	2	0	1	0	2	0	0
179	1.7913	1.7344	0	0	0	0	0	0	0	0	0	0	0	0	0	0	0	0	3495	1867	12737	447298	478702	8929	8532	357832	8450	0	0	1	0	0	0	0	0	0	2	1	0	0	0	0	0	0	0	0	0	0	3837	0	1	2327	1	0	2	2693	1	0	1	0	2	0	0
180	1.7913	1.7458	0	0	0	0	0	0	0	0	0	0	0	0	0	0	0	0	3539	1852	12729	448733	478831	8906	8588	356942	8531	0	0	1	0	0	0	1	0	0	0	1	0	0	2	0	1	0	0	0	0	0	3758	2	4	3028	2	3	4	2666	2	0	1	0	3	0	2
181	1.7913	1.7570	0	0	0	0	0	0	0	0	0	0	0	0	0	0	0	0	3558	1915	12796	449037	480200	8990	8769	356187	8503	0	0	0	0	0	0	0	0	0	0	1	0	0	0	0	0	0	0	0	2	0	3711	1	4	3830	2	2	4	2732	1	0	1	0	3	0	2
182	1.7913	1.7682	0	0	0	0	0	0	0	0	0	0	0	0	0	0	0	0	3581	1924	12584	448928	481510	8924	8597	358014	8611	0	0	0	0	0	0	0	0	0	0	1	0	0	0	0	0	3	0	0	1	0	3772	1	3	4510	3	2	8	2737	1	0	2	0	4	0	2
183	1.7913	1.7793	0	0	0	0	0	0	0	0	0	0	0	0	0	0	0	0	3605	1877	12553	446652	479057	8866	8498	357390	8382	0	0	2	0	0	0	0	0	0	1	1	0	0	0	0	2	1	0	0	0	0	3887	1	1	4984	3	3	2	2692	4	0	0	0	5	0	1
184	1.7913	1.7904	0	0	0	0	0	0	0	0	0	0	0	0	0	0	0	0	3552	1998	12620	446594	478204	8927	8528	354990	8483	0	0	1	0	0	0	1	0	0	2	2	0	0	0	0	0	0	0	0	0	0	3755	2	0	5356	1	0	2	2683	2	0	0	0	4	0	2
185	1.7913	1.8013	0	0	0	0	0	0	0	0	0	0	0	0	0	0	0	0	3602	1965	12832	448477	479337	8840	8488	356096	8443	0	0	0	0	0	0	0	0	0	0	0	0	0	0	0	0	0	0	0	0	0	3787	1	2	5251	2	1	3	2669	1	0	1	0	5	0	0
186	1.7913	1.8122	0	0	0	0	0	0	0	0	0	0	0	0	0	0	0	0	3522	1978	12564	451024	480370	8932	8471	356887	8670	0	0	0	0	0	0	0	0	0	1	1	0	0	0	0	0	3	0	0	0	0	3814	3	1	5052	1	1	1	2719	1	0	1	1	3	0	3
187	1.7913	1.8231	0	0	0	0	0	0	0	0	0	0	0	0	0	0	0	0	3547	2029	12450	451679	480245	8885	8562	357247	8419	0	0	0	2	0	0	0	0	0	0	0	0	0	0	0	0	2	0	0	1	0	3879	1	4	4375	2	3	7	2810	3	0	1	0	3	0	1
188	1.7913	1.8339	0	0	0	0	0	0	0	0	0	0	0	0	0	0	0	0	3441	1900	12735	449774	477791	9032	8500	356424	8330	0	0	0	0	0	0	1	0	0	1	0	0	0	0	0	1	0	0	0	1	0	3802	2	1	3705	1	0	4	2783	2	0	1	0	6	0	0
189	1.7913	1.8446	0	0	0	0	0	0	0	0	0	0	0	0	0	0	0	0	3569	1924	12838	449186	478963	8944	8452	355051	8533	0	0	0	0	0	0	1	0	0	0	0	0	0	0	0	0	0	0	0	1	0	3931	2	3	2831	3	2	1	2783	3	0	1	0	4	0	0
190	1.7913	1.8552	0	0	0	0	0	0	0	0	0	0	0	0	0	0	0	0	3385	1917	12574	450966	479660	9029	8510	356502	8444	0	0	1	0	0	0	0	0	0	0	0	0	0	2	0	0	1	0	0	2	0	3731	0	1	1950	2	0	1	2709	0	0	1	0	3	0	4
191	1.7913	1.8658	0	0	0	0	0	0	0	0	0	0	0	0	0	0	0	0	3488	1906	12570	450633	479673	8644	8513	354031	8465	0	0	0	0	0	0	0	0	0	1	0	0	0	0	0	1	0	0	0	0	0	3902	1	2	1197	1	0	2	2744	3	0	2	0	0	0	1
192	1.7913	1.8764	0	0	0	0	0	0	0	0	0	0	0	0	0	0	0	0	3561	1882	12554	448421	476468	8943	8579	355421	8509	0	0	0	2	0	0	0	0	0	0	2	0	0	0	0	1	1	0	0	1	0	3695	5	2	583	2	0	3	2817	2	0	0	0	1	0	0
193	1.7913	1.8868	0	0	0	0	0	0	0	0	0	0	0	0	0	0	0	0	3457	1966	12764	448967	477420	9072	8667	355201	8660	0	0	0	0	0	0	0	0	0	1	2	0	0	0	0	2	2	0	0	1	0	3794	3	9	229	2	2	4	2703	2	0	0	0	3	0	3
194	1.7913	1.8973	0	0	0	0	0	0	0	0	0	0	0	0	0	0	0	0	3481	1943	12802	449481	479029	9004	8693	354916	8423	0	0	0	1	0	0	0	0	0	1	2	0	0	1	0	1	3	0	0	0	0	3672	1	4	121	2	0	7	2663	4	0	0	0	1	0	0
195	1.7913	1.9076	0	0	0	0	0	0	0	0	0	0	0	0	0	0	0	0	3638	1895	12817	451064	480596	9112	8679	357105	8525	0	0	0	1	0	0	0	0	0	1	0	0	0	0	0	3	1	0	0	1	0	3666	1	4	319	2	2	5	2800	2	0	0	0	2	0	1
196	1.7913	1.9179	0	0	0	0	0	0	0	0	0	0	0	0	0	0	0	0	3404	1953	12865	448193	476824	8926	8471	354580	8472	0	0	0	1	0	0	0	0	0	0	0	0	0	0	0	0	0	0	0	0	0	3710	1	8	777	0	1	7	2848	0	0	2	0	3	0	3
197	1.7913	1.9282	0	0	0	0	0	0	0	0	0	0	0	0	0	0	0	0	3602	1925	12659	448579	478869	8938	8590	354463	8479	1	0	0	0	0	0	0	0	0	0	1	0	0	0	0	1	4	0	0	1	0	3610	0	3	1411	1	2	5	2763	5	0	0	0	2	0	2
198	1.7913	1.9384	0	0	0	0	0	0	0	0	0	0	0	0	0	0	0	0	3535	1930	12721	450620	479024	9027	8596	355419	8406	0	0	0	1	0	0	0	0	0	0	1	0	0	0	0	4	2	0	0	0	0	3737	0	12	2139	1	1	1	2753	1	0	3	0	2	0	0
199	1.7913	1.9485	0	0	0	0	0	0	0	0	0	0	0	0	0	0	0	0	3556	1968	12789	448916	481440	9178	8739	356146	8667	0	0	0	0	0	0	0	0	0	1	0	0	0	0	0	0	2	0	1	2	0	3634	0	0	3013	2	1	4	2763	2	0	2	0	3	0	0
200	1.7913	1.9586	0	0	0	0	0	0	0	0	0	0	0	0	0	0	0	0	3502	1942	12837	447766	481537	8938	8670	356089	8399	0	0	0	0	0	0	0	0	0	1	1	0	0	0	0	1	1	0	0	0	0	3641	1	1	3859	2	2	4	2779	3	0	0	0	5	0	3
201	1.7915	1.7000	0	0	0	0	0	0	0	0	0	0	0	0	0	0	0	0	3559	1906	12731	448199	475698	9131	8929	359521	8576	0	0	0	0	0	0	0	0	0	0	0	0	0	0	0	1	0	0	0	4	0	3701	3	5	346	4	0	2	2777	4	0	0	0	4	0	3
202	1.7915	1.7116	0	0	0	0	0	0	0	0	0	0	0	0	0	0	0	0	3639	1916	12724	448030	475154	9002	8681	359312	8533	0	0	0	1	0	0	0	0	0	0	0	0	0	0	0	1	0	0	0	2	0	3620	1	5	853	1	3	4	2707	3	0	1	0	1	0	2
203	1.7915	1.7230	0	0	0	0	0	0	0	0	0	0	0	0	0	0	0	0	3579	1866	12715	448960	476476	9171	8683	358249	8456	0	0	1	1	0	0	1	0	0	0	0	0	0	0	0	2	2	0	0	1	0	3820	2	4	1446	2	1	3	2761	3	0	1	0	1	0	0
204	1.7915	1.7344	0	0	0	0	0	0	0	0	0	0	0	0	0	0	0	0	3545	1930	12775	449081	477675	9056	8681	358702	8433	0	0	1	0	0	0	0	0	0	0	0	0	0	0	0	1	0	0	0	2	0	3678	1	2	2327	1	2	2	2739	2	0	0	0	5	0	2
205	1.7915	1.7458	0	0	0	0	0	0	0	0	0	0	0	0	0	0	0	0	3560	1907	12597	450297	479120	9119	8775	359149	8463	0	0	1	0	0	0	1	0	0	0	2	0	0	0	0	0	4	0	0	0	0	3755	1	3	3121	1	0	5	2631	2	0	2	0	2	0	1
206	1.7915	1.7570	0	0	0	0	0	0	0	0	0	0	0	0	0	0	0	0	3499	1967	12595	448854	477075	9087	8770	359189	8504	0	0	0	0	0	0	0	0	0	1	1	0	0	1	0	1	2	0	0	1	0	3928	0	2	3992	0	0	5	2785	7	0	1	0	1	0	4
207	1.7915	1.7682	0	0	0	0	0	0	0	0	0	0	0	0	0	0	0	0	3581	1965	12784	449714	477323	9103	8747	358395	8705	0	0	0	0	0	0	0	0	0	1	1	0	0	1	0	3	1	0	0	2	0	3715	0	2	4553	2	0	2	2711	5	0	0	0	9	0	1
208	1.7915	1.7793	0	0	0	0	0	0	0	0	0	0	0	0	0	0	0	0	3689	1894	12659	450363	478247	9021	8741	359234	8419	0	0	1	1	0	0	0	0	0	0	0	0	0	0	0	1	2	0	0	1	0	3889	0	2	5016	4	1	2	2782	2	0	1	0	7	0	0
209	1.7915	1.7904	0	0	0	0	0	0	0	0	0	0	0	0	0	0	0	0	3572	1938	12479	447459	473779	8975	8780	358026	8382	0	0	0	1	0	0	0	0	0	0	0	0	0	0	0	0	2	0	0	1	0	3699	0	4	5290	0	3	2	2715	1	0	1	0	2	0	2
210	1.7915	1.8013	0	0	0	0	0	0	0	0	0	0	0	0	0	0	0	0	3573	2045	12514	450983	477282	8934	8606	357826	8623	0	0	1	0	0	0	0	0	0	0	0	0	0	0	0	2	1	0	0	1	0	3681	1	0	5402	1	2	6	2725	1	0	0	0	3	0	2
211	1.7915	1.8122	0	0	0	0	0	0	0	0	0	0	0	0	0	0	0	0	3603	1919	12758	451543	478316	9157	8738	360246	8522	0	0	1	1	0	0	0	0	0	0	0	0	0	0	0	1	0	0	0	1	0	3725	0	0	4956	2	0	2	2706	1	0	2	0	2	0	0
212	1.7915	1.8231	0	0	0	0	0	0	0	0	0	0	0	0	0	0	0	0	3705	1959	12607	450715	477187	9227	8841	360094	8576	0	1	0	1	0	0	0	0	0	1	1	0	0	0	0	3	2	0	0	0	0	3779	0	3	4541	0	2	9	2741	3	0	0	0	5	0	0
213	1.7915	1.8339	0	0	0	0	0	0	0	0	0	0	0	0	0	0	0	0	3615	1973	12678	451434	478137	8946	8654	357502	8521	0	0	0	1	0	0	0	0	0	0	0	0	0	0	0	1	1	0	0	1	0	3571	1	2	3652	1	1	6	2664	1	0	0	0	10	0	1
214	1.7915	1.8446	0	0	0	0	0	0	0	0	0	0	0	0	0	0	0	0	3612	2013	12984	453556	480032	9052	8825	360560	8446	0	0	0	1	0	0	0	0	0	0	0	0	0	0	0	0	1	0	0	1	0	3817	0	4	2828	2	0	4	2750	1	0	1	0	3	0	3
215	1.7915	1.8552	0	0	0	0	0	0	0	0	0	0	0	0	0	0	0	0	3729	1946	12617	453176	478294	8953	8905	358996	8462	0	0	0	0	0	0	0	0	0	0	1	0	0	0	0	2	2	0	0	2	0	3820	2	2	2009	1	1	5	2732	2	0	1	0	2	0	1
216	1.7915	1.8658	0	0	0	0	0	0	0	0	0	0	0	0	0	0	0	0	3557	1951	12884	451686	476705	9007	8820	358756	8572	0	0	0	0	0	0	0	0	0	1	0	0	0	0	0	0	0	0	0	0	0	3669	0	1	1174	1	1	1	2792	0	0	0	0	2	0	0
217	1.7915	1.8764	0	0	0	0	0	0	0	0	0	0	0	0	0	0	0	0	3608	1996	12917	451119	475278	8919	8588	357266	8574	0	0	0	1	0	0	0	0	0	0	0	0	0	0	0	1	1	0	0	2	0	3696	1	2	589	2	1	4	2746	1	0	1	0	0	0	2
218	1.7915	1.8868	0	0	0	0	0	0	0	0	0	0	0	0	0	0	0	0	3656	2014	12868	449887	474878	8884	8920	356686	8541	0	0	1	1	0	0	1	0	0	2	0	0	0	0	0	1	4	0	0	0	0	3725	1	5	209	2	2	3	2795	2	0	1	0	1	0	2
219	1.7915	1.8973	0	0	0	0	0	0	0	0	0	0	0	0	0	0	0	0	3615	1978	12619	447626	473259	8874	8812	354471	8462	0	0	1	2	0	0	0	0	0	1	1	0	0	0	0	0	1	0	0	2	0	3635	1	5	154	0	1	9	2709	1	0	1	0	1	0	2
220	1.7915	1.9076	0	0	0	0	0	0	0	0	0	0	0	0	0	0	0	0	3707	1997	12941	447863	471470	9086	8884	354255	8388	0	0	1	1	0	0	0	0	0	1	0	0	0	0	0	1	4	0	0	2	0	3589	2	2	328	1	0	5	2744	2	0	1	0	1	0	0
221	1.7915	1.9179	0	0	0	0	0	0	0	0	0	0	0	0	0	0	0	0	3588	1955	12684	445799	471698	8961	8560	353051	8588	0	0	0	0	0	0	0	0	0	1	0	0	0	0	0	2	1	0	0	0	0	3674	0	6	730	1	3	6	2833	0	0	1	0	3	0	1
222	1.7915	1.9282	0	0	0	0	0	0	0	0	0	0	0	0	0	0	0	0	3651	1911	12734	446389	471446	9126	8730	352573	8541	0	0	1	0	0	0	0	0	0	0	1	0	0	0	0	1	1	0	0	1	0	3587	1	6	1382	1	1	5	2777	2	0	1	0	3	0	1
223	1.7915	1.9384	0	0	0	0	0	0	0	0	0	0	0	0	0	0	0	0	3582	1922	12830	445700	473625	8902	8887	352953	8551	0	0	0	0	0	0	0	0	0	0	1	0	0	0	0	0	1	0	0	2	0	3599	0	5	2287	4	0	5	2702	2	0	1	0	2	0	3
224	1.7915	1.9485	0	0	0	0	0	0	0	0	0	0	0	0	0	0	0	0	3588	1969	12749	448349	476127	9101	8755	354826	8437	0	0	0	0	0	0	0	0	0	0	0	0	0	0	0	0	4	0	0	1	0	3592	0	3	3010	2	2	1	2698	4	0	2	0	4	0	1
225	1.7915	1.9586	0	0	0	0	0	0	0	0	0	0	0	0	0	0	0	0	3741	1961	12718	446080	474291	9048	8544	354364	8585	0	0	0	2	0	0	1	0	0	0	0	0	0	0	0	1	0	0	0	0	0	3548	1	1	3799	2	2	3	2698	1	0	2	0	2	0	0
226	1.7916	1.7000	0	0	0	0	0	0	0	0	0	0	0	0	0	0	0	0	3661	1955	12694	446100	470721	9045	8663	356895	8675	0	0	0	0	0	0	0	0	0	0	1	0	0	0	0	1	1	0	0	2	0	3708	2	2	349	3	1	3	2630	3	0	1	0	1	0	1
227	1.7916	1.7116	0	0	0	0	0	0	0	0	0	0	0	0	0	0	0	0	3570	1963	12769	443653	469609	8774	8800	355060	8641	0	0	0	0	0	0	0	0	0	1	0	0	0	1	0	0	1	0	0	2	0	3644	2	6	896	2	1	2	2668	2	0	2	0	4	0	0
