Setting	Current1	Current2	Current3	Current4	Current5	Current6	Current7	Current8	15	263	27	275	43	291	75	323	141	389	153	401	169	417	201	449	1	2	4	8	16	32	64	128	256	3	5	9	17	33	65	129	257	6	10	18	34	66	130	258	12	20	36	68	132	260	24	40	72	136	264	48	80	144	272	96	160	288	192	320	384
1	4.5464	7.5551	4.3599	1.7000	0	0	0	0	0	0	0	0	0	0	0	0	0	0	0	0	4001	253126	12892	12755	4652	9583	457876	388901	8622	1	0	0	0	0	2	2	0	1	1	0	2	2747	2084	0	0	0	0	2	5	0	0	0	4	0	0	0	0	1	0	5	4	1	769	0	0
2	4.5464	7.5551	4.3599	1.7115	0	0	0	0	0	0	0	0	0	0	0	0	0	0	0	0	3862	251623	12914	12669	4702	9575	455745	384729	8493	4	0	0	0	0	4	3	0	0	0	3	2	2716	2121	0	0	0	0	4	4	0	0	0	3	1	0	0	0	0	0	3	6	0	1337	1	0
3	4.5464	7.5551	4.3599	1.7229	0	0	0	0	0	0	0	0	0	0	0	0	0	0	0	0	4064	251944	12809	12525	4610	9677	455504	384855	8570	3	1	0	0	0	5	1	0	0	3	0	3	2687	2087	1	0	0	0	2	0	0	0	0	1	2	0	0	0	0	0	1	8	0	2184	1	0
4	4.5464	7.5551	4.3599	1.7342	0	0	0	0	0	0	0	0	0	0	0	0	0	0	0	0	3987	250721	12727	12870	4727	9573	455472	386717	8527	4	0	0	0	0	1	3	0	0	2	0	1	2701	2063	1	0	0	0	2	1	0	0	0	1	3	0	0	0	1	0	1	5	0	3234	0	3
5	4.5464	7.5551	4.3599	1.7455	0	0	0	0	0	0	0	0	0	0	0	0	0	0	0	0	3954	250848	12862	12899	4746	9743	457012	386527	8631	1	0	0	0	0	1	1	0	1	0	0	4	2635	2067	0	1	0	0	0	1	0	0	0	1	0	0	0	0	0	0	3	8	1	4321	1	3
6	4.5464	7.5551	4.3599	1.7567	0	0	0	0	0	0	0	0	0	0	0	0	0	0	0	0	3908	250146	12747	12886	4745	9748	454560	385132	8670	0	0	0	0	0	3	2	0	1	0	0	3	2610	2079	0	0	0	0	2	0	0	0	0	1	1	0	0	1	1	0	3	5	0	5190	0	0
7	4.5464	7.5551	4.3599	1.7678	0	0	0	0	0	0	0	0	0	0	0	0	0	0	0	0	3786	249744	12822	12580	4744	9773	454138	385326	8732	3	0	0	0	0	4	2	0	2	2	0	5	2650	1992	0	0	0	0	1	3	0	0	0	0	3	0	0	0	1	0	2	6	0	6027	2	0
8	4.5464	7.5551	4.3599	1.7788	0	0	0	0	0	0	0	0	0	0	0	0	0	0	0	0	3980	251227	12992	12857	4637	9716	455416	384792	8667	0	0	0	0	0	0	0	0	1	0	0	3	2568	2073	0	0	0	0	2	0	0	0	0	1	2	0	0	1	1	0	1	3	0	6679	0	1
9	4.5464	7.5551	4.3599	1.7898	0	0	0	0	0	0	0	0	0	0	0	0	0	0	0	0	3966	249971	12763	12706	4660	9908	455502	384550	8544	2	0	0	0	0	0	2	0	0	0	0	6	2680	2111	0	0	0	0	3	1	0	0	0	0	1	0	0	0	0	0	8	8	0	7014	0	1
10	4.5464	7.5551	4.3599	1.8007	0	0	0	0	0	0	0	0	0	0	0	0	0	0	0	0	3993	251787	12745	12960	4775	9883	454799	385283	8657	3	0	0	0	0	3	3	0	1	1	0	7	2631	2041	1	0	0	0	2	1	0	0	0	6	1	0	0	0	0	0	3	5	0	6821	0	0
11	4.5464	7.5551	4.3599	1.8115	0	0	0	0	0	0	0	0	0	0	0	0	0	0	0	0	4057	250457	12829	12752	4550	9889	454182	385872	8534	4	0	0	0	0	2	4	0	0	1	0	7	2587	2052	0	0	0	0	1	0	0	0	0	1	4	0	0	0	0	0	5	7	0	6355	1	1
12	4.5464	7.5551	4.3599	1.8223	0	0	0	0	0	0	0	0	0	0	0	0	0	0	0	0	3963	249391	12809	12760	4671	9847	452875	382189	8588	0	0	0	0	0	1	1	0	0	2	0	4	2563	2018	0	0	0	0	2	1	0	0	0	2	0	0	0	0	0	0	9	4	0	5616	0	0
13	4.5464	7.5551	4.3599	1.8330	0	0	0	0	0	0	0	0	0	0	0	0	0	0	0	0	4005	249774	12741	13208	4531	9841	454168	383618	8581	2	0	0	0	0	4	3	0	0	1	0	3	2664	2018	0	0	0	0	1	2	0	0	0	3	0	0	0	0	0	0	7	5	0	4764	0	1
14	4.5464	7.5551	4.3599	1.8437	0	0	0	0	0	0	0	0	0	0	0	0	0	0	0	0	4023	252529	12811	12845	4685	10064	455847	385126	8634	6	0	0	0	0	2	2	0	0	2	0	6	2732	2003	2	0	0	0	5	0	0	0	0	1	1	0	0	0	0	0	5	9	0	3743	1	1
15	4.5464	7.5551	4.3599	1.8543	0	0	0	0	0	0	0	0	0	0	0	0	0	0	0	0	3873	252277	13011	12862	4643	9771	452655	384114	8506	1	0	0	0	0	3	2	0	0	1	0	5	2628	2124	0	0	0	0	3	1	0	0	0	3	3	0	0	1	1	0	7	3	0	2687	0	1
16	4.5464	7.5551	4.3599	1.8648	0	0	0	0	0	0	0	0	0	0	0	0	0	0	0	0	3973	251179	12849	12793	4662	9928	452659	383208	8621	3	0	0	0	0	1	2	0	0	1	0	5	2749	2073	0	0	0	0	1	1	0	0	0	1	1	0	0	0	0	0	9	7	0	1717	3	0
17	4.5464	7.5551	4.3599	1.8753	0	0	0	0	0	0	0	0	0	0	0	0	0	0	0	0	3972	250892	12862	12810	4479	9960	452273	381853	8732	1	0	0	0	0	1	1	0	1	0	0	5	2651	1998	0	0	0	0	3	1	0	0	0	0	1	0	0	1	0	0	8	3	0	998	1	2
18	4.5464	7.5551	4.3599	1.8857	0	0	0	0	0	0	0	0	0	0	0	0	0	0	0	0	4014	251713	12932	12700	4550	9926	452050	381927	8655	2	0	0	0	0	1	1	0	0	0	0	3	2552	2057	0	0	0	0	1	0	0	0	0	3	2	0	0	0	1	0	8	2	0	522	0	0
19	4.5464	7.5551	4.3599	1.8960	0	0	0	0	0	0	0	0	0	0	0	0	0	0	0	0	3934	250926	12784	12847	4678	9970	453726	382408	8606	3	0	0	0	0	3	1	0	0	0	0	4	2605	1995	0	0	0	0	2	2	0	0	0	3	0	0	0	0	0	0	5	4	0	423	1	2
20	4.5464	7.5551	4.3599	1.9063	0	0	0	0	0	0	0	0	0	0	0	0	0	0	0	0	3858	250973	12677	12818	4604	9750	455121	383965	8613	1	0	0	0	0	3	3	0	0	1	0	2	2614	1989	1	1	0	0	1	1	0	0	0	0	1	0	0	0	0	0	6	8	0	681	0	0
21	4.5464	7.5551	4.3599	1.9166	0	0	0	0	0	0	0	0	0	0	0	0	0	0	0	0	3914	251830	12690	12773	4631	10045	454226	382965	8648	2	0	0	0	0	2	2	0	2	0	0	4	2592	2094	1	0	0	1	2	2	0	0	0	2	1	0	0	2	0	0	9	5	0	1255	1	2
22	4.5464	7.5551	4.3599	1.9268	0	0	0	0	0	0	0	0	0	0	0	0	0	0	0	0	3926	253015	12833	12757	4598	9860	455681	383380	8370	0	0	0	0	0	4	1	0	2	1	0	1	2773	2012	0	0	0	0	2	1	0	0	0	2	1	0	0	1	0	0	4	5	0	2063	2	0
23	4.5464	7.5551	4.3599	1.9369	0	0	0	0	0	0	0	0	0	0	0	0	0	0	0	0	3718	250886	12993	12702	4628	9575	453654	383689	8575	2	0	0	0	0	2	1	0	0	1	0	3	2705	2100	1	0	0	0	1	0	0	0	0	1	0	0	0	0	0	0	1	7	0	3010	1	0
24	4.5464	7.5551	4.3599	1.9470	0	0	0	0	0	0	0	0	0	0	0	0	0	0	0	0	4002	252277	12694	12829	4609	9700	454329	383800	8597	0	0	0	0	0	3	2	0	1	2	1	2	2591	2088	0	0	0	0	0	0	0	0	0	1	2	0	0	0	0	0	4	4	0	4038	0	1
25	4.5464	7.5551	4.3599	1.9570	0	0	0	0	0	0	0	0	0	0	0	0	0	0	0	0	4002	249671	12837	12686	4582	9602	453950	382861	8553	1	0	0	0	0	1	0	0	0	1	0	2	2580	1987	0	0	0	0	1	2	1	0	0	3	1	0	0	0	2	0	5	5	0	5153	0	0
26	4.5485	7.5563	4.3614	1.7000	0	0	0	0	0	0	0	0	0	0	0	0	0	0	0	0	3890	249892	12888	12460	4679	9622	454168	384830	8555	1	0	0	0	0	1	2	0	3	2	0	3	2607	1930	1	1	0	0	1	1	0	0	0	2	0	0	0	0	2	0	4	3	0	550	1	0
27	4.5485	7.5563	4.3614	1.7115	0	0	0	0	0	0	0	0	0	0	0	0	0	0	0	0	3980	250174	12724	12766	4555	9579	454407	384183	8642	1	0	0	0	0	1	2	0	0	0	0	4	2639	2025	0	0	0	0	1	0	0	0	0	0	1	0	0	0	0	0	3	6	0	1079	0	0
28	4.5485	7.5563	4.3614	1.7229	0	0	0	0	0	0	0	0	0	0	0	0	0	0	0	0	3892	249888	12772	12707	4655	9630	457089	385364	8668	2	0	0	0	0	1	1	0	0	3	2	6	2578	1981	2	0	0	0	1	4	0	0	0	0	1	0	0	2	0	0	1	6	0	1830	0	2
29	4.5485	7.5563	4.3614	1.7342	0	0	0	0	0	0	0	0	0	0	0	0	0	0	0	0	3889	249981	12813	12872	4682	9504	454543	385779	8511	1	0	0	0	0	1	1	0	0	2	0	7	2621	2011	0	0	0	0	0	0	0	0	0	1	3	0	0	0	0	0	4	11	0	2871	0	0
30	4.5485	7.5563	4.3614	1.7455	0	0	0	0	0	0	0	0	0	0	0	0	0	0	0	0	4008	250055	12801	12757	4578	9717	456197	386828	8486	1	0	0	0	0	2	4	0	1	1	0	0	2724	2023	1	0	0	0	2	1	0	0	0	1	2	0	0	0	0	0	3	7	0	3886	2	2
31	4.5485	7.5563	4.3614	1.7567	0	0	0	0	0	0	0	0	0	0	0	0	0	0	0	0	3877	250646	12651	12615	4681	9632	458147	388624	8550	2	0	0	0	0	2	2	0	2	1	0	2	2627	2063	0	0	0	0	0	0	0	0	0	0	1	0	0	0	0	0	4	5	0	4886	1	0
32	4.5485	7.5563	4.3614	1.7678	0	0	0	0	0	0	0	0	0	0	0	0	0	0	0	0	3823	252092	12786	12750	4715	9568	458870	387181	8474	1	0	0	0	0	2	0	0	0	0	1	6	2661	2043	1	0	0	0	2	0	0	0	0	0	1	0	0	0	0	0	4	7	0	5804	2	0
33	4.5485	7.5563	4.3614	1.7788	0	0	0	0	0	0	0	0	0	0	0	0	0	0	0	0	3944	249914	12715	12648	4613	9607	457311	386709	8667	0	0	0	0	0	3	1	0	1	2	0	6	2654	1929	1	0	0	0	1	0	0	0	0	0	1	0	0	0	0	0	4	5	0	6516	0	0
34	4.5485	7.5563	4.3614	1.7898	0	0	0	0	0	0	0	0	0	0	0	0	0	0	0	0	3955	249595	12773	12863	4622	9736	455868	388073	8659	2	0	0	0	0	1	2	0	3	0	0	2	2623	2002	0	0	0	0	2	1	0	0	0	1	1	0	0	0	0	0	3	8	0	6909	0	1
35	4.5485	7.5563	4.3614	1.8007	0	0	0	0	0	0	0	0	0	0	0	0	0	0	0	0	3992	250670	12680	12897	4642	9450	455898	387307	8477	1	0	0	0	0	4	1	0	1	2	0	8	2558	2040	0	0	0	0	0	2	0	0	0	0	1	0	0	0	0	0	8	3	0	6820	2	0
36	4.5485	7.5563	4.3614	1.8115	0	0	0	0	0	0	0	0	0	0	0	0	0	0	0	0	3880	251432	12718	12908	4618	9705	455790	386815	8493	2	0	0	0	0	2	2	0	0	1	0	4	2617	1994	0	0	0	0	0	1	0	0	0	1	3	0	0	0	0	0	6	3	0	6802	3	1
37	4.5485	7.5563	4.3614	1.8223	0	0	0	0	0	0	0	0	0	0	0	0	0	0	0	0	3958	250364	12837	12939	4479	9694	455827	385761	8415	2	0	0	0	0	2	2	0	0	1	0	4	2636	2103	1	0	1	0	2	2	0	0	0	4	0	0	0	0	1	0	6	6	0	6144	1	2
38	4.5485	7.5563	4.3614	1.8330	0	0	0	0	0	0	0	0	0	0	0	0	0	0	0	0	3946	249648	12630	12585	4579	9875	454604	385180	8439	1	0	0	0	0	1	0	0	0	0	0	4	2538	2108	2	0	0	0	2	2	0	0	0	1	0	0	0	0	0	0	9	5	0	5147	1	2
39	4.5485	7.5563	4.3614	1.8437	0	0	0	0	0	0	0	0	0	0	0	0	0	0	0	0	4067	249944	12683	12996	4579	9968	455862	386619	8484	2	0	0	0	0	2	1	0	1	0	0	9	2707	2047	0	0	0	0	1	2	0	0	0	2	1	0	0	0	0	0	7	4	0	4155	3	1
40	4.5485	7.5563	4.3614	1.8543	0	0	0	0	0	0	0	0	0	0	0	0	0	0	0	0	3836	250930	12901	12883	4608	9949	454725	385451	8607	1	0	0	0	0	2	2	0	0	0	0	4	2596	2049	0	0	0	0	2	1	0	0	0	0	3	0	0	0	0	0	3	4	0	3076	0	1
41	4.5485	7.5563	4.3614	1.8648	0	0	0	0	0	0	0	0	0	0	0	0	0	0	0	0	3900	250819	12794	12790	4565	9728	453916	383400	8588	4	0	0	0	0	6	1	0	1	0	0	3	2662	1986	0	0	0	0	0	1	0	0	0	1	2	0	0	0	1	0	4	4	0	2086	0	0
42	4.5485	7.5563	4.3614	1.8753	0	0	0	0	0	0	0	0	0	0	0	0	0	0	0	0	4070	249912	12801	12844	4581	9981	455062	383713	8562	4	0	0	0	0	3	4	0	0	1	0	8	2525	2019	2	0	0	0	2	1	0	0	0	1	4	0	0	0	0	0	4	2	0	1271	0	1
43	4.5485	7.5563	4.3614	1.8857	0	0	0	0	0	0	0	0	0	0	0	0	0	0	0	0	3844	251025	12825	12826	4617	9648	453481	385152	8624	4	0	0	0	0	0	1	0	1	1	0	5	2667	2093	1	0	0	0	2	0	0	0	1	3	4	0	0	0	0	0	5	5	0	634	1	1
44	4.5485	7.5563	4.3614	1.8960	0	0	0	0	0	0	0	0	0	0	0	0	0	0	0	0	3860	251069	12769	12541	4705	9871	455396	384958	8467	1	0	0	0	0	3	3	0	2	0	0	3	2642	2051	0	0	0	0	2	2	0	0	0	2	3	0	0	0	0	0	10	4	0	387	0	1
45	4.5485	7.5563	4.3614	1.9063	0	0	0	0	0	0	0	0	0	0	0	0	0	0	0	0	3784	251158	12509	12619	4498	9762	456542	385109	8286	1	0	0	0	0	0	2	0	1	0	0	2	2663	2094	1	0	0	0	0	2	0	0	0	0	1	0	0	0	1	0	9	2	0	472	1	3
46	4.5485	7.5563	4.3614	1.9166	0	0	0	0	0	0	0	0	0	0	0	0	0	0	0	0	3774	251652	12579	12811	4646	9906	459517	387057	8525	0	0	0	0	0	5	1	0	1	0	0	7	2658	2137	0	0	0	0	0	0	0	0	0	1	1	0	0	0	0	0	9	3	0	908	0	0
47	4.5485	7.5563	4.3614	1.9268	0	0	0	0	0	0	0	0	0	0	0	0	0	0	0	0	3926	250514	12946	12932	4544	9656	457567	386486	8463	3	0	0	0	0	3	3	0	1	2	0	1	2704	2090	1	0	0	0	2	3	0	0	0	2	0	0	0	0	0	0	6	3	0	1607	0	1
48	4.5485	7.5563	4.3614	1.9369	0	0	0	0	0	0	0	0	0	0	0	0	0	0	0	0	3915	250227	12761	12811	4561	9727	455425	384970	8529	1	0	0	0	0	1	2	0	1	2	0	6	2644	2076	0	0	0	0	2	1	0	0	0	0	1	0	0	0	0	0	6	2	0	2670	0	1
49	4.5485	7.5563	4.3614	1.9470	0	0	0	0	0	0	0	0	0	0	0	0	0	0	0	0	3810	251708	12751	12653	4552	9723	456371	385433	8678	1	0	0	0	0	2	2	0	1	0	1	7	2598	2066	1	0	0	1	3	0	0	0	0	0	1	0	0	0	0	0	5	5	0	3809	2	2
50	4.5485	7.5563	4.3614	1.9570	0	0	0	0	0	0	0	0	0	0	0	0	0	0	0	0	3880	251977	12866	12726	4627	9803	456696	386713	8626	1	0	0	0	0	2	3	0	0	1	0	6	2664	1971	0	0	0	0	0	0	0	0	0	1	3	0	0	0	0	0	3	0	0	4911	0	0
51	4.5506	7.5576	4.3630	1.7000	0	0	0	0	0	0	0	0	0	0	0	0	0	0	0	0	3867	251236	12825	12756	4576	9472	457167	387813	8446	2	2	0	0	0	3	2	0	1	2	0	0	2714	2043	1	0	0	0	0	4	0	0	0	2	1	1	0	1	1	0	2	8	0	366	1	1
52	4.5506	7.5576	4.3630	1.7115	0	0	0	0	0	0	0	0	0	0	0	0	0	0	0	0	3852	251344	12565	12796	4629	9579	457882	388088	8636	0	0	0	0	0	2	3	0	1	0	0	5	2763	2098	1	0	0	0	2	2	0	0	0	0	3	0	0	0	1	0	8	5	0	751	0	0
53	4.5506	7.5576	4.3630	1.7229	0	0	0	0	0	0	0	0	0	0	0	0	0	0	0	0	3869	252681	12561	12876	4598	9850	459599	388731	8625	0	0	0	0	0	1	1	0	0	1	1	4	2651	2085	1	0	0	0	1	1	0	0	0	0	1	0	0	0	0	0	2	3	0	1431	0	1
54	4.5506	7.5576	4.3630	1.7342	0	0	0	0	0	0	0	0	0	0	0	0	0	0	0	0	3897	250723	12806	12669	4658	9590	458374	388275	8574	1	0	0	0	0	1	3	0	1	2	0	1	2726	2034	1	0	0	0	2	0	0	0	0	1	1	0	0	0	1	0	6	5	0	2233	1	0
55	4.5506	7.5576	4.3630	1.7455	0	0	0	0	0	0	0	0	0	0	0	0	0	0	0	0	3953	251551	12671	12768	4560	9746	460076	390627	8507	0	0	0	0	0	3	1	0	0	0	1	3	2636	2041	0	0	0	0	2	0	0	0	0	2	2	0	0	0	1	0	3	7	0	3412	2	1
56	4.5506	7.5576	4.3630	1.7567	0	0	0	0	0	0	0	0	0	0	0	0	0	0	0	0	3976	251241	12956	12635	4622	9763	460097	389525	8463	1	0	0	0	0	1	2	0	1	0	0	2	2702	2088	0	0	0	0	1	1	0	0	0	2	3	0	0	0	0	0	2	5	0	4421	1	0
57	4.5506	7.5576	4.3630	1.7678	0	0	0	0	0	0	0	0	0	0	0	0	0	0	0	0	3951	251882	12764	12737	4588	9577	458916	387949	8511	2	0	0	0	0	2	4	0	1	2	0	6	2711	2011	1	0	0	0	3	0	0	0	0	2	1	0	0	0	0	0	4	7	1	5514	1	0
58	4.5506	7.5576	4.3630	1.7788	0	0	0	0	0	0	0	0	0	0	0	0	0	0	0	0	4090	250738	12959	12953	4658	9864	461305	389872	8714	1	0	0	0	0	0	1	0	1	0	0	3	2637	2076	0	0	0	0	0	1	0	0	0	4	0	0	0	0	0	0	3	11	0	6343	2	1
59	4.5506	7.5576	4.3630	1.7898	0	0	0	0	0	0	0	0	0	0	0	0	0	0	0	0	4064	253281	12789	12788	4636	9831	462234	391809	8580	2	0	0	0	0	3	3	0	1	0	0	7	2681	2115	0	0	0	0	0	2	0	0	0	2	0	0	0	0	0	0	3	9	0	6927	0	2
60	4.5506	7.5576	4.3630	1.8007	0	0	0	0	0	0	0	0	0	0	0	0	0	0	0	0	4013	252378	12860	12723	4625	9945	461010	390201	8524	2	0	0	0	0	3	1	0	1	3	0	6	2647	2000	0	0	0	0	6	0	0	0	1	0	3	0	0	0	0	0	5	6	0	7012	0	0
61	4.5506	7.5576	4.3630	1.8115	0	0	0	0	0	0	0	0	0	0	0	0	0	0	0	0	4061	252298	12802	12987	4648	10002	463456	391021	8500	5	0	0	0	0	1	1	0	0	2	0	8	2642	2040	0	0	0	0	1	0	0	0	0	1	1	0	0	0	0	0	4	10	0	6894	0	0
62	4.5506	7.5576	4.3630	1.8223	0	0	0	0	0	0	0	0	0	0	0	0	0	0	0	0	4000	253601	12736	12785	4641	9776	462094	391261	8537	1	0	0	0	0	5	3	0	2	2	0	2	2700	2043	2	0	0	0	1	1	0	0	0	0	2	0	0	0	1	0	6	10	0	6644	2	1
63	4.5506	7.5576	4.3630	1.8330	0	0	0	0	0	0	0	0	0	0	0	0	0	0	0	0	4120	252187	12937	12974	4623	10134	463202	391457	8630	1	0	0	0	0	1	3	0	1	0	0	6	2631	1984	0	0	0	1	2	0	0	0	0	0	1	0	0	0	1	0	6	3	0	5850	1	0
64	4.5506	7.5576	4.3630	1.8437	0	0	0	0	0	0	0	0	0	0	0	0	0	0	0	0	4157	253322	12854	12820	4763	9842	462916	391037	8631	2	0	0	0	0	0	2	0	2	1	1	9	2759	2038	0	0	0	0	1	0	0	0	0	2	2	0	0	0	0	0	11	1	0	4706	1	1
65	4.5506	7.5576	4.3630	1.8543	0	0	0	0	0	0	0	0	0	0	0	0	0	0	0	0	4079	253325	13122	12863	4655	10074	461681	389540	8640	2	0	0	0	0	0	2	0	1	0	0	9	2714	2122	0	0	0	0	1	2	0	0	0	1	1	0	0	0	1	0	5	3	0	3675	1	2
66	4.5506	7.5576	4.3630	1.8648	0	0	0	0	0	0	0	0	0	0	0	0	0	0	0	0	4174	253736	12916	12846	4893	10220	460227	388622	8638	3	0	0	0	0	3	4	0	0	0	1	8	2689	2060	0	0	0	0	2	2	0	0	1	1	1	0	0	0	0	0	12	4	0	2506	2	0
67	4.5506	7.5576	4.3630	1.8753	0	0	0	0	0	0	0	0	0	0	0	0	0	0	0	0	4230	254185	12858	12839	4763	10148	461447	388670	8609	2	0	0	0	0	0	1	0	1	2	1	7	2814	2082	0	0	0	0	1	0	0	0	1	4	1	0	0	0	1	0	10	5	0	1563	1	0
68	4.5506	7.5576	4.3630	1.8857	0	0	0	0	0	0	0	0	0	0	0	0	0	0	0	0	4066	252787	12787	12912	4706	10019	459181	387603	8786	5	0	0	0	0	3	2	0	3	0	0	5	2675	2106	0	0	0	0	2	0	0	0	0	3	0	0	0	0	1	0	8	2	0	841	1	1
69	4.5506	7.5576	4.3630	1.8960	0	0	0	0	0	0	0	0	0	0	0	0	0	0	0	0	4074	253010	12847	12812	4612	10154	460112	388982	8628	1	0	0	0	0	2	3	0	2	1	0	2	2690	1997	0	0	0	0	2	0	1	0	0	1	0	0	0	0	0	0	2	3	0	448	1	1
70	4.5506	7.5576	4.3630	1.9063	0	0	0	0	0	0	0	0	0	0	0	0	0	0	0	0	4091	253590	12882	12892	4770	10020	460539	389140	8621	2	0	0	0	0	0	0	0	0	1	1	4	2673	2120	1	0	0	0	2	2	0	0	0	0	1	0	0	0	1	0	7	2	0	327	1	2
71	4.5506	7.5576	4.3630	1.9166	0	0	0	0	0	0	0	0	0	0	0	0	0	0	0	0	4182	253522	12888	12717	4716	9998	461366	389126	8549	2	0	0	0	0	3	2	0	0	0	0	5	2767	2120	2	0	0	0	2	2	0	0	0	0	2	0	0	0	2	0	9	4	0	611	2	0
72	4.5506	7.5576	4.3630	1.9268	0	0	0	0	0	0	0	0	0	0	0	0	0	0	0	0	4006	253682	12789	13022	4851	10011	462061	389741	8686	3	0	0	0	0	3	0	0	0	0	0	4	2641	2091	0	0	0	0	1	0	0	0	0	3	0	0	0	1	0	0	4	2	0	1308	0	1
73	4.5506	7.5576	4.3630	1.9369	0	0	0	0	0	0	0	0	0	0	0	0	0	0	0	0	4087	254784	13127	12964	4635	10117	462364	390387	8614	1	0	0	0	0	2	4	0	2	0	0	7	2625	2063	0	0	0	0	5	1	0	0	0	1	2	0	0	0	0	0	3	6	0	2127	0	2
74	4.5506	7.5576	4.3630	1.9470	0	0	0	0	0	0	0	0	0	0	0	0	0	0	0	0	3962	253783	12919	13042	4774	9852	463200	392450	8750	0	0	0	0	0	1	1	0	0	1	0	4	2688	2033	0	0	0	0	0	0	0	0	0	2	1	0	0	1	1	0	5	0	0	3169	1	0
75	4.5506	7.5576	4.3630	1.9570	0	0	0	0	0	0	0	0	0	0	0	0	0	0	0	0	4067	253419	12891	12943	4747	9725	462925	391297	8707	2	0	0	0	0	1	5	0	0	1	0	5	2697	2012	1	0	0	0	2	1	1	0	0	0	1	0	0	0	1	0	3	4	0	4313	0	1
76	4.5526	7.5588	4.3645	1.7000	0	0	0	0	0	0	0	0	0	0	0	0	0	0	0	0	4047	254360	12902	13125	4735	9901	464502	393125	8707	3	0	0	0	0	1	1	0	0	1	0	2	2715	2123	0	0	0	0	5	1	0	0	1	2	0	0	0	0	2	0	3	2	0	295	0	1
77	4.5526	7.5588	4.3645	1.7115	0	0	0	0	0	0	0	0	0	0	0	0	0	0	0	0	4077	254156	13025	13135	4940	9931	463852	393622	8567	3	0	0	0	0	3	0	0	0	0	0	4	2725	2022	2	0	0	0	2	2	0	0	0	0	0	0	0	0	0	0	7	0	0	485	0	0
78	4.5526	7.5588	4.3645	1.7229	0	0	0	0	0	0	0	0	0	0	0	0	0	0	0	0	4005	256078	12697	12854	4777	9883	464027	392683	8743	3	0	0	0	0	3	2	0	3	1	0	2	2685	2127	0	0	0	0	0	0	0	0	0	2	1	0	0	0	0	0	4	2	0	972	0	1
79	4.5526	7.5588	4.3645	1.7342	0	0	0	0	0	0	0	0	0	0	0	0	0	0	0	0	4024	254145	12838	12850	4623	9865	464516	392487	8898	2	0	0	0	0	1	3	0	0	1	0	2	2658	2152	1	0	0	0	0	2	0	0	0	0	2	0	0	0	0	0	4	5	0	1844	1	0
80	4.5526	7.5588	4.3645	1.7455	0	0	0	0	0	0	0	0	0	0	0	0	0	0	0	0	4071	253696	12919	12941	4672	10155	464905	393464	8637	2	0	0	0	0	1	3	0	0	0	1	6	2662	2157	1	0	0	0	1	1	0	0	0	2	4	0	0	0	0	0	4	3	0	2798	0	1
81	4.5526	7.5588	4.3645	1.7567	0	0	0	0	0	0	0	0	0	0	0	0	0	0	0	0	3935	253416	12798	12789	4595	9883	464634	393551	8624	2	0	0	0	0	2	0	0	2	1	0	5	2753	2142	1	1	0	0	2	0	0	0	0	2	0	1	0	1	0	0	5	4	0	3877	0	1
82	4.5526	7.5588	4.3645	1.7678	0	0	0	0	0	0	0	0	0	0	0	0	0	0	0	0	3947	253354	12806	12841	4684	9688	464488	393790	8508	1	0	0	0	0	1	1	0	2	0	0	1	2642	2028	1	0	0	0	0	3	0	0	0	0	1	0	0	2	0	0	5	6	0	5049	1	1
83	4.5526	7.5588	4.3645	1.7788	0	0	0	0	0	0	0	0	0	0	0	0	0	0	0	0	4082	253009	12991	13104	4631	9811	465181	393483	8618	0	0	0	0	0	1	0	0	1	3	0	3	2644	2086	0	0	0	0	2	0	0	1	0	1	1	0	0	1	1	0	2	7	0	6067	2	0
84	4.5526	7.5588	4.3645	1.7898	0	0	0	0	0	0	0	0	0	0	0	0	0	0	0	0	4155	251833	13149	12884	4633	9889	462778	390750	8632	1	0	0	0	0	2	0	0	0	1	0	3	2647	2069	2	0	0	0	5	0	0	0	0	0	3	0	0	0	0	0	2	8	0	6581	1	1
85	4.5526	7.5588	4.3645	1.8007	0	0	0	0	0	0	0	0	0	0	0	0	0	0	0	0	4007	251276	13006	12703	4699	9939	460551	390169	8613	3	0	0	0	0	3	3	0	1	0	0	6	2641	2052	0	0	0	0	5	0	0	0	0	1	4	0	0	0	0	0	5	9	0	7024	0	0
86	4.5526	7.5588	4.3645	1.8115	0	0	0	0	0	0	0	0	0	0	0	0	0	0	0	0	3944	252161	12979	12908	4579	9586	462626	391337	8686	2	0	0	0	0	4	2	0	1	1	0	6	2624	2024	0	0	0	0	2	2	0	0	0	5	0	0	0	0	0	0	6	3	0	7094	3	1
87	4.5526	7.5588	4.3645	1.8223	0	0	0	0	0	0	0	0	0	0	0	0	0	0	0	0	4054	250687	12895	12963	4833	9752	460833	389232	8646	2	0	0	0	0	1	3	0	1	0	0	3	2571	1996	1	0	0	0	1	0	0	0	0	1	1	0	0	0	1	0	5	3	0	6699	1	1
88	4.5526	7.5588	4.3645	1.8330	0	0	0	0	0	0	0	0	0	0	0	0	0	0	0	0	3977	250967	12944	12971	4609	9894	461733	389685	8564	1	0	0	0	0	2	2	0	0	0	0	6	2581	2062	0	0	0	0	1	0	0	1	0	3	0	0	0	0	0	0	7	4	0	6134	1	0
89	4.5526	7.5588	4.3645	1.8437	0	0	0	0	0	0	0	0	0	0	0	0	0	0	0	0	4074	250882	12826	12767	4553	9954	459815	389045	8762	1	0	0	0	0	1	0	0	0	0	0	7	2638	2001	1	0	0	0	1	0	0	0	0	1	1	0	0	0	0	0	9	5	0	5287	1	0
90	4.5526	7.5588	4.3645	1.8543	0	0	0	0	0	0	0	0	0	0	0	0	0	0	0	0	3961	252669	12933	13007	4739	9981	463581	391695	8720	5	0	0	0	0	4	2	0	0	0	0	6	2650	2087	0	0	0	0	1	1	0	0	0	1	2	0	0	0	0	0	4	6	0	4346	1	0
91	4.5526	7.5588	4.3645	1.8648	0	0	0	0	0	0	0	0	0	0	0	0	0	0	0	0	4182	252301	12780	13104	4672	10043	462436	392333	8760	3	0	0	0	0	2	1	0	1	1	0	1	2726	1985	1	0	0	0	1	5	0	0	0	1	1	0	0	0	0	0	9	1	0	2971	0	0
92	4.5526	7.5588	4.3645	1.8753	0	0	0	0	0	0	0	0	0	0	0	0	0	0	0	0	4076	252877	12904	12780	4624	10073	461550	391031	8428	1	0	0	0	0	3	2	0	3	0	1	5	2692	1991	0	0	0	0	2	2	0	0	0	1	4	0	0	2	1	0	5	5	0	1995	0	2
93	4.5526	7.5588	4.3645	1.8857	0	0	0	0	0	0	0	0	0	0	0	0	0	0	0	0	4030	252585	12903	13013	4683	10083	461825	391503	8760	2	0	0	0	0	1	3	0	0	1	0	9	2669	2042	1	0	0	0	1	0	0	0	0	0	1	0	0	0	1	0	11	4	0	1153	0	0
94	4.5526	7.5588	4.3645	1.8960	0	0	0	0	0	0	0	0	0	0	0	0	0	0	0	0	3966	252693	12795	12736	4733	10112	460754	390382	8590	1	0	0	0	0	0	2	0	1	1	1	8	2797	2125	0	0	0	0	2	4	0	0	0	2	1	0	0	0	1	0	9	7	0	533	0	3
95	4.5526	7.5588	4.3645	1.9063	0	0	0	0	0	0	0	0	0	0	0	0	0	0	0	0	4051	251854	12587	12979	4714	10111	461590	391340	8685	0	0	0	0	0	3	2	0	3	1	1	7	2782	2085	1	0	0	0	2	1	0	0	0	0	3	0	0	0	0	0	12	6	0	287	1	5
96	4.5526	7.5588	4.3645	1.9166	0	0	0	0	0	0	0	0	0	0	0	0	0	0	0	0	3905	251145	12797	12994	4734	9945	459758	390054	8837	3	0	0	0	0	0	2	0	0	0	0	7	2605	2111	0	0	0	0	2	5	0	0	0	2	3	0	0	0	0	0	9	4	0	427	0	1
97	4.5526	7.5588	4.3645	1.9268	0	0	0	0	0	0	0	0	0	0	0	0	0	0	0	0	4030	252725	12918	12987	4650	9914	460922	391785	8667	5	0	0	0	0	4	1	0	0	1	0	5	2796	2075	0	0	0	0	2	0	0	0	0	0	0	0	0	0	0	0	7	0	0	830	1	0
98	4.5526	7.5588	4.3645	1.9369	0	0	0	0	0	0	0	0	0	0	0	0	0	0	0	0	3952	251288	12847	12993	4612	9730	461021	390016	8760	2	0	0	0	0	2	0	0	0	2	0	3	2674	2084	0	0	0	0	0	1	0	0	0	1	0	0	0	3	0	0	7	2	0	1681	1	3
99	4.5526	7.5588	4.3645	1.9470	0	0	0	0	0	0	0	0	0	0	0	0	0	0	0	0	4105	249820	12806	12889	4628	9782	460996	388370	8663	1	0	0	0	0	4	4	0	0	1	0	5	2643	2048	0	0	0	0	2	0	0	0	0	2	2	0	0	0	0	0	6	3	0	2674	0	0
100	4.5526	7.5588	4.3645	1.9570	0	0	0	0	0	0	0	0	0	0	0	0	0	0	0	0	4032	250037	12964	12682	4662	9730	458427	388331	8748	1	0	0	0	0	4	1	0	1	1	0	5	2632	2031	0	0	0	0	1	0	0	0	0	2	0	0	0	0	0	0	6	5	0	3866	4	1
101	4.5547	7.5601	4.3660	1.7000	0	0	0	0	0	0	0	0	0	0	0	0	0	0	0	0	4075	249629	12779	12639	4856	9733	458628	390376	8488	3	0	0	0	0	2	4	0	1	2	0	0	2633	2070	0	0	0	0	0	3	0	0	0	1	2	0	0	1	1	0	6	1	0	302	1	0
102	4.5547	7.5601	4.3660	1.7115	0	0	0	0	0	0	0	0	0	0	0	0	0	0	0	0	3956	250852	12540	12609	4716	9816	459199	391382	8620	1	0	0	0	0	3	1	0	2	1	0	5	2589	2011	0	1	0	0	0	0	0	0	0	0	0	0	0	1	1	0	8	2	0	316	0	0
103	4.5547	7.5601	4.3660	1.7229	0	0	0	0	0	0	0	0	0	0	0	0	0	0	0	0	4072	251383	12636	12811	4582	9623	460884	391876	8651	1	0	0	0	0	1	2	0	1	0	0	2	2689	2107	0	0	0	0	0	1	0	0	0	1	0	0	0	0	1	0	5	1	0	709	0	1
104	4.5547	7.5601	4.3660	1.7342	0	0	0	0	0	0	0	0	0	0	0	0	0	0	0	0	3978	252670	12740	12809	4690	9758	460877	392791	8581	4	0	0	0	0	3	5	0	1	0	0	4	2672	2083	1	0	0	0	0	2	0	0	0	4	2	0	0	0	0	0	3	7	0	1377	1	2
105	4.5547	7.5601	4.3660	1.7455	0	0	0	0	0	0	0	0	0	0	0	0	0	0	0	0	3942	250974	12821	12955	4788	9509	461241	391473	8577	0	0	0	0	0	0	1	0	1	1	1	2	2653	2030	1	0	0	0	0	2	0	0	0	0	2	0	0	0	0	0	6	1	0	2337	0	0
106	4.5547	7.5601	4.3660	1.7567	0	0	0	0	0	0	0	0	0	0	0	0	0	0	0	0	3937	250616	13160	12900	4646	9798	462745	392007	8641	3	0	0	0	0	3	3	0	0	0	0	7	2640	2012	0	0	0	0	2	1	0	0	0	2	0	0	0	0	1	0	6	6	0	3363	1	1
107	4.5547	7.5601	4.3660	1.7678	0	0	0	0	0	0	0	0	0	0	0	0	0	0	0	0	4004	250674	12927	12849	4738	9817	462080	391606	8543	0	0	0	0	0	1	4	0	1	1	0	6	2728	2134	1	0	0	0	0	0	0	0	0	2	0	0	0	0	0	0	3	5	0	4626	0	1
108	4.5547	7.5601	4.3660	1.7788	0	0	0	0	0	0	0	0	0	0	0	0	0	0	0	0	4074	251031	12740	12962	4646	9792	463166	393099	8600	3	0	0	0	0	3	3	0	1	1	0	7	2582	1988	0	0	0	0	1	1	0	0	0	1	1	0	0	1	1	0	5	5	0	5559	2	3
109	4.5547	7.5601	4.3660	1.7898	0	0	0	0	0	0	0	0	0	0	0	0	0	0	0	0	3974	250291	12696	12963	4729	9832	464072	394353	8684	3	0	0	0	0	1	3	1	0	0	1	1	2628	2071	1	0	0	0	0	0	0	0	0	2	0	0	0	1	0	0	4	10	0	6437	2	0
110	4.5547	7.5601	4.3660	1.8007	0	0	0	0	0	0	0	0	0	0	0	0	0	0	0	0	3864	250988	12619	12899	4766	9711	463985	392944	8569	2	1	0	0	0	2	1	0	0	0	0	3	2521	2117	1	0	0	0	1	1	0	0	0	0	0	0	0	0	2	0	3	5	0	6916	0	1
111	4.5547	7.5601	4.3660	1.8115	0	0	0	0	0	0	0	0	0	0	0	0	0	0	0	0	3954	251470	12712	12790	4699	9899	462997	393745	8721	1	0	0	0	0	1	2	0	0	1	0	6	2634	2079	1	0	0	0	1	1	0	0	0	2	1	0	0	1	0	0	4	7	0	7242	1	0
112	4.5547	7.5601	4.3660	1.8223	0	0	0	0	0	0	0	0	0	0	0	0	0	0	0	0	3863	252105	12884	13067	4641	9909	465716	393832	8752	3	0	0	0	0	1	3	0	1	2	0	10	2630	2162	0	0	0	0	4	0	0	0	0	0	0	0	0	1	1	0	2	10	0	7155	0	2
113	4.5547	7.5601	4.3660	1.8330	0	0	0	0	0	0	0	0	0	0	0	0	0	0	0	0	4081	252629	12890	12998	4745	10034	463914	391601	8762	2	0	0	0	1	2	2	0	0	1	0	10	2746	1988	1	0	0	0	2	0	0	0	0	0	1	0	0	0	0	0	4	5	0	6590	0	0
114	4.5547	7.5601	4.3660	1.8437	0	0	0	0	0	0	0	0	0	0	0	0	0	0	0	0	3942	252638	12965	13121	4648	9965	462789	391401	8669	2	0	0	0	0	4	1	0	1	1	1	4	2643	2003	2	0	0	0	2	1	0	0	0	1	2	0	0	0	0	0	3	7	0	5820	1	2
115	4.5547	7.5601	4.3660	1.8543	0	0	0	0	0	0	0	0	0	0	0	0	0	0	0	0	4033	251045	12717	12828	4779	10032	462270	392146	8453	5	0	0	0	0	1	1	0	1	0	0	4	2539	2086	0	0	0	0	3	3	0	0	1	1	1	0	0	0	0	0	9	8	0	4929	1	0
116	4.5547	7.5601	4.3660	1.8648	0	0	0	0	0	0	0	0	0	0	0	0	0	0	0	0	4170	250467	12923	13108	4680	9919	460176	390385	8595	3	0	0	0	0	2	1	0	1	1	1	6	2676	2042	0	0	0	0	4	2	0	0	0	5	3	0	0	0	0	0	8	1	0	3587	0	0
117	4.5547	7.5601	4.3660	1.8753	0	0	0	0	0	0	0	0	0	0	0	0	0	0	0	0	4117	252943	13005	12889	4666	10114	461042	390665	8686	3	0	0	0	0	3	0	0	1	2	0	3	2654	2134	1	0	0	0	1	2	0	0	0	1	1	0	0	1	1	0	11	5	0	2507	1	1
118	4.5547	7.5601	4.3660	1.8857	0	0	0	0	0	0	0	0	0	0	0	0	0	0	0	0	3954	250547	12965	12786	4741	9937	458518	388260	8706	1	0	0	0	0	1	5	0	0	0	1	4	2630	2164	2	0	0	0	0	1	0	0	0	1	0	0	0	0	0	0	9	6	0	1552	2	1
119	4.5547	7.5601	4.3660	1.8960	0	0	0	0	0	0	0	0	0	0	0	0	0	0	0	0	3994	249944	12680	13085	4534	10134	458101	389084	8466	4	0	0	0	0	1	1	0	2	2	0	8	2637	2016	0	0	0	0	1	1	0	0	0	4	0	0	0	0	1	0	2	2	0	779	1	0
120	4.5547	7.5601	4.3660	1.9063	0	0	0	0	0	0	0	0	0	0	0	0	0	0	0	0	3927	249492	12863	12903	4767	10164	458551	388433	8605	4	0	0	0	0	4	6	0	1	0	0	8	2671	2038	2	0	0	0	0	1	0	0	0	1	3	0	0	1	0	0	8	5	0	365	2	0
121	4.5547	7.5601	4.3660	1.9166	0	0	0	0	0	0	0	0	0	0	0	0	0	0	0	0	4048	249875	13026	12905	4696	9906	458652	388060	8575	1	0	0	0	0	1	2	0	4	0	0	9	2588	2036	1	0	1	0	4	1	0	0	0	2	0	0	0	0	0	0	5	4	0	321	0	0
122	4.5547	7.5601	4.3660	1.9268	0	0	0	0	0	0	0	0	0	0	0	0	0	0	0	0	3976	249193	12776	12966	4735	9958	457011	388672	8495	2	0	0	0	0	1	0	0	1	1	0	0	2598	2063	0	1	0	0	1	2	0	0	0	1	0	0	0	1	0	0	6	2	0	612	0	0
123	4.5547	7.5601	4.3660	1.9369	0	0	0	0	0	0	0	0	0	0	0	0	0	0	0	0	4051	250952	12762	12763	4631	9940	458919	389394	8511	1	0	0	0	0	2	1	0	3	1	0	7	2723	1958	0	0	0	0	2	0	0	0	0	0	0	0	0	0	0	0	7	2	0	1248	0	0
124	4.5547	7.5601	4.3660	1.9470	0	0	0	0	0	0	0	0	0	0	0	0	0	0	0	0	3993	250101	12672	12799	4696	9880	457768	388888	8671	2	0	0	0	1	3	1	0	1	2	0	5	2527	2030	0	0	0	0	1	0	0	0	0	1	0	0	0	0	0	0	5	4	0	2151	0	2
125	4.5547	7.5601	4.3660	1.9570	0	0	0	0	0	0	0	0	0	0	0	0	0	0	0	0	4011	249666	12962	12890	4746	9809	458872	389717	8901	5	0	0	0	0	1	2	0	0	0	0	3	2605	2017	0	0	0	0	2	4	0	0	0	2	1	0	0	0	0	0	5	1	0	3282	0	0
126	4.5568	7.5613	4.3676	1.7000	0	0	0	0	0	0	0	0	0	0	0	0	0	0	0	0	3889	250352	12904	12859	4640	9540	461284	393441	8474	2	0	0	0	0	1	2	0	0	0	0	1	2720	2060	1	0	0	0	1	0	0	0	0	3	3	0	0	0	0	0	5	2	0	404	2	0
127	4.5568	7.5613	4.3676	1.7115	0	0	0	0	0	0	0	0	0	0	0	0	0	0	0	0	4033	250597	12609	12721	4698	9661	460973	392089	8652	1	0	0	0	0	1	2	0	1	0	0	4	2637	2089	0	0	0	0	1	2	0	0	0	2	2	0	0	0	0	0	6	5	0	261	0	1
128	4.5568	7.5613	4.3676	1.7229	0	0	0	0	0	0	0	0	0	0	0	0	0	0	0	0	3972	249042	12767	12917	4744	9858	459842	391035	8559	1	0	0	0	0	3	1	0	1	0	0	3	2588	2117	0	0	0	2	4	1	0	0	0	2	2	0	0	0	1	0	5	2	1	441	1	0
129	4.5568	7.5613	4.3676	1.7342	0	0	0	0	0	0	0	0	0	0	0	0	0	0	0	0	3987	250172	12806	13128	4774	9941	462498	393466	8752	1	0	0	0	0	2	2	0	1	2	0	5	2597	2051	2	0	0	0	0	0	0	0	0	1	2	0	0	0	2	0	2	5	0	975	0	0
130	4.5568	7.5613	4.3676	1.7455	0	0	0	0	0	0	0	0	0	0	0	0	0	0	0	0	4090	250358	12868	12930	4716	9915	461705	393389	8717	3	0	0	0	0	4	3	0	1	1	0	2	2689	2065	0	0	0	0	1	0	0	0	0	2	2	0	0	1	0	0	2	6	0	1860	2	1
131	4.5568	7.5613	4.3676	1.7567	0	0	0	0	0	0	0	0	0	0	0	0	0	0	0	0	3959	250268	12702	13058	4709	9736	461187	391855	8642	2	0	0	0	0	4	0	0	0	1	0	6	2585	2098	0	0	0	0	2	1	0	0	0	0	1	0	0	0	0	0	3	6	0	2892	0	0
132	4.5568	7.5613	4.3676	1.7678	0	0	0	0	0	0	0	0	0	0	0	0	0	0	0	0	3968	250107	12685	12868	4719	9755	462373	392107	8735	1	0	0	0	0	2	1	0	0	0	0	3	2656	2127	1	0	0	0	3	1	0	0	0	2	2	0	0	0	0	0	6	5	0	3940	0	0
133	4.5568	7.5613	4.3676	1.7788	0	0	0	0	0	0	0	0	0	0	0	0	0	0	0	0	3941	251585	12775	13137	4719	9892	464721	393688	8767	2	0	0	0	0	1	1	0	2	2	0	6	2661	2120	0	0	0	0	0	0	1	0	0	3	0	0	0	0	0	0	1	6	0	5074	2	1
134	4.5568	7.5613	4.3676	1.7898	0	0	0	0	0	0	0	0	0	0	0	0	0	0	0	0	3916	250664	12724	13156	4667	9830	466682	395834	8687	1	0	0	0	0	1	4	0	0	0	0	5	2626	2052	0	0	0	0	0	0	0	0	0	1	0	0	0	1	0	0	2	9	0	6328	1	1
135	4.5568	7.5613	4.3676	1.8007	0	0	0	0	0	0	0	0	0	0	0	0	0	0	0	0	3933	250125	12857	13144	4635	9885	463882	394694	8613	3	0	0	0	0	3	1	0	0	0	1	10	2570	2069	0	0	0	0	0	0	0	0	0	2	0	0	0	0	0	0	2	6	0	6801	2	1
136	4.5568	7.5613	4.3676	1.8115	0	0	0	0	0	0	0	0	0	0	0	0	0	0	0	0	3933	249540	12690	13189	4667	9946	463648	394631	8678	2	0	0	0	0	2	1	0	0	3	0	3	2687	2129	0	0	0	0	0	2	0	0	0	2	3	0	0	0	1	0	3	10	0	7104	0	0
137	4.5568	7.5613	4.3676	1.8223	0	0	0	0	0	0	0	0	0	0	0	0	0	0	0	0	3929	248477	12889	12872	4682	9928	462276	393842	8711	1	1	0	0	0	0	1	0	2	0	0	5	2598	2089	0	0	0	0	1	3	0	0	0	0	3	0	0	1	0	0	3	3	0	7144	3	0
138	4.5568	7.5613	4.3676	1.8330	0	0	0	0	0	0	0	0	0	0	0	0	0	0	0	0	4006	249515	12773	12925	4770	9992	462013	392070	8618	1	0	0	0	0	4	5	0	0	0	0	6	2635	2059	0	0	0	0	4	2	0	0	0	0	2	0	0	0	0	0	1	4	0	6894	0	1
139	4.5568	7.5613	4.3676	1.8437	0	0	0	0	0	0	0	0	0	0	0	0	0	0	0	0	4023	247763	12938	12886	4580	9986	461669	393231	8787	0	0	0	0	0	2	0	0	1	1	0	6	2667	2107	1	0	0	0	3	0	0	0	0	2	0	0	0	2	0	0	6	5	0	6092	1	2
140	4.5568	7.5613	4.3676	1.8543	0	0	0	0	0	0	0	0	0	0	0	0	0	0	0	0	3947	249158	12881	13043	4699	9835	462808	391316	8711	3	0	0	0	0	0	1	0	2	0	0	4	2537	2071	1	0	0	0	1	1	0	0	0	2	1	0	0	1	0	0	6	8	0	5254	1	3
141	4.5568	7.5613	4.3676	1.8648	0	0	0	0	0	0	0	0	0	0	0	0	0	0	0	0	4060	247127	12773	12911	4620	9805	457105	388181	8594	5	0	0	0	0	3	2	0	0	1	1	3	2591	2078	2	0	0	0	0	0	0	0	0	0	0	0	0	1	0	0	9	3	0	4102	0	1
142	4.5568	7.5613	4.3676	1.8753	0	0	0	0	0	0	0	0	0	0	0	0	0	0	0	0	4081	247197	12673	13001	4789	9966	457409	389443	8420	0	0	0	0	0	7	1	0	0	1	0	8	2597	2067	1	0	0	0	2	1	0	0	0	3	1	0	0	0	0	0	6	3	0	3029	0	3
143	4.5568	7.5613	4.3676	1.8857	0	0	0	0	0	0	0	0	0	0	0	0	0	0	0	0	3932	247123	12904	12735	4668	9897	457180	387898	8653	3	0	0	0	0	4	1	0	3	0	0	3	2508	2051	0	0	0	0	0	0	0	0	0	1	1	0	0	2	0	0	6	4	0	2074	2	0
144	4.5568	7.5613	4.3676	1.8960	0	0	0	0	0	0	0	0	0	0	0	0	0	0	0	0	3931	247540	12894	12931	4684	9926	456281	386978	8625	0	0	0	0	0	3	1	0	1	1	1	5	2590	2010	0	0	0	0	1	5	0	0	0	2	1	0	0	1	0	0	5	6	0	1021	2	1
145	4.5568	7.5613	4.3676	1.9063	0	0	0	0	0	0	0	0	0	0	0	0	0	0	0	0	4131	247493	12788	12786	4767	10034	456622	388233	8698	0	0	0	0	0	3	1	0	2	0	1	4	2609	2049	0	0	0	0	2	2	0	0	0	1	2	0	0	0	1	0	6	5	0	448	0	1
146	4.5568	7.5613	4.3676	1.9166	0	0	0	0	0	0	0	0	0	0	0	0	0	0	0	0	4144	248112	12886	12912	4782	10058	457429	387612	8566	2	0	0	0	0	3	3	0	0	2	0	4	2672	2053	1	0	0	0	2	0	0	0	0	4	1	0	0	1	0	0	6	3	0	253	1	1
147	4.5568	7.5613	4.3676	1.9268	0	0	0	0	0	0	0	0	0	0	0	0	0	0	0	0	4080	247581	12772	12831	4738	9857	457372	387720	8471	2	0	1	0	0	4	3	0	0	0	0	5	2581	2034	1	0	0	0	3	1	0	1	0	2	0	0	0	0	1	0	9	4	0	398	1	2
148	4.5568	7.5613	4.3676	1.9369	0	0	0	0	0	0	0	0	0	0	0	0	0	0	0	0	3962	247942	12957	12596	4621	9639	458079	388064	8630	3	0	0	0	0	3	3	0	1	1	0	3	2643	2019	1	0	0	0	0	0	0	0	0	1	2	0	0	0	0	0	4	3	0	922	0	0
149	4.5568	7.5613	4.3676	1.9470	0	0	0	0	0	0	0	0	0	0	0	0	0	0	0	0	4011	247738	12788	12675	4660	9753	456929	387826	8588	3	0	0	0	0	0	6	0	1	0	0	6	2666	2046	0	0	0	0	0	3	0	0	0	1	0	0	0	0	0	0	6	3	0	1707	3	1
150	4.5568	7.5613	4.3676	1.9570	0	0	0	0	0	0	0	0	0	0	0	0	0	0	0	0	3819	248668	12571	12843	4553	9673	457048	388460	8698	1	0	0	0	1	0	0	0	0	1	0	3	2643	1983	1	0	0	0	4	3	0	0	0	0	2	0	0	0	1	0	4	4	0	2720	0	0
151	4.5589	7.5626	4.3691	1.7000	0	0	0	0	0	0	0	0	0	0	0	0	0	0	0	0	4114	249478	12653	12791	4680	9822	459863	390586	8631	2	0	0	0	0	4	3	0	1	2	0	4	2491	2089	0	0	0	0	0	0	0	0	0	0	2	0	1	0	0	0	4	3	0	594	0	0
152	4.5589	7.5626	4.3691	1.7115	0	0	0	0	0	0	0	0	0	0	0	0	0	0	0	0	4067	249347	12753	13034	4757	9742	459962	391548	8616	1	0	0	0	0	2	2	0	3	0	0	3	2454	2079	0	0	0	0	1	1	0	0	0	1	2	0	0	0	0	0	5	6	0	267	1	1
153	4.5589	7.5626	4.3691	1.7229	0	0	0	0	0	0	0	0	0	0	0	0	0	0	0	0	3913	247784	13017	12973	4801	9788	458078	391662	8641	2	0	0	0	0	5	1	0	1	2	0	4	2576	2044	0	0	0	0	1	1	0	0	0	1	1	0	0	1	0	0	4	3	0	302	0	1
154	4.5589	7.5626	4.3691	1.7342	0	0	0	0	0	0	0	0	0	0	0	0	0	0	0	0	4040	247166	12927	12862	4764	9701	460345	391547	8738	3	0	0	0	0	3	4	0	0	0	0	4	2653	2041	1	0	0	1	2	0	0	0	0	2	0	0	0	0	0	0	6	8	0	648	1	0
155	4.5589	7.5626	4.3691	1.7455	0	0	0	0	0	0	0	0	0	0	0	0	0	0	0	0	3950	249269	12859	12908	4749	9891	461486	393142	8737	2	0	0	0	0	1	2	0	0	0	1	9	2781	2098	1	0	0	0	1	0	0	0	0	1	0	0	0	1	0	0	2	6	0	1333	0	0
156	4.5589	7.5626	4.3691	1.7567	0	0	0	0	0	0	0	0	0	0	0	0	0	0	0	0	3983	250615	12556	12969	4714	9767	463061	394340	8766	0	0	0	0	0	1	1	0	1	0	0	6	2686	2061	0	0	0	0	4	1	0	0	0	0	0	0	0	0	1	0	2	6	0	2371	2	2
157	4.5589	7.5626	4.3691	1.7678	0	0	0	0	0	0	0	0	0	0	0	0	0	0	0	0	4161	251337	12827	13017	4765	9867	465739	396182	8797	0	0	0	0	0	2	4	0	0	0	0	2	2722	2106	0	0	0	0	3	3	0	0	0	2	1	0	0	1	1	0	4	8	0	3467	0	0
158	4.5589	7.5626	4.3691	1.7788	0	0	0	0	0	0	0	0	0	0	0	0	0	0	0	0	4073	250675	12958	13090	4766	9711	464357	394973	8667	2	0	0	1	0	1	2	0	2	1	1	3	2762	2045	0	0	1	0	1	0	0	0	0	0	1	0	0	0	1	0	10	6	0	4615	0	1
159	4.5589	7.5626	4.3691	1.7898	0	0	0	0	0	0	0	0	0	0	0	0	0	0	0	0	4060	249312	12858	13223	4663	9881	463462	392506	8412	1	0	0	0	0	2	1	0	2	0	0	5	2636	2126	0	0	0	0	2	3	0	0	0	3	1	0	0	1	1	0	1	7	0	5669	0	0
160	4.5589	7.5626	4.3691	1.8007	0	0	0	0	0	0	0	0	0	0	0	0	0	0	0	0	3927	248312	12843	12970	4704	9883	462509	393585	8679	4	0	0	0	0	1	3	0	0	1	0	4	2520	2046	1	0	0	0	1	2	0	0	0	2	1	0	0	0	0	0	7	4	0	6579	1	1
161	4.5589	7.5626	4.3691	1.8115	0	0	0	0	0	0	0	0	0	0	0	0	0	0	0	0	4045	250447	12985	13050	4650	10020	465207	395753	8600	3	0	0	0	0	0	4	0	0	2	0	7	2644	2061	0	0	0	0	0	2	0	0	0	4	1	0	0	0	0	0	2	7	0	7098	2	1
162	4.5589	7.5626	4.3691	1.8223	0	0	0	0	0	0	0	0	0	0	0	0	0	0	0	0	4114	249037	12629	12997	4737	9976	462747	392559	8668	1	0	0	0	0	3	1	0	0	0	1	4	2578	2035	0	0	0	0	0	1	0	0	0	1	1	0	0	1	0	0	1	12	0	7321	2	0
163	4.5589	7.5626	4.3691	1.8330	0	0	0	0	0	0	0	0	0	0	0	0	0	0	0	0	3935	247829	12645	12921	4823	10140	462843	392887	8728	2	0	0	0	0	2	3	0	0	1	0	4	2500	2028	1	0	0	0	1	2	0	0	0	0	0	0	0	0	0	0	5	9	0	6958	0	1
164	4.5589	7.5626	4.3691	1.8437	0	0	0	0	0	0	0	0	0	0	0	0	0	0	0	0	3999	248696	12897	12966	4619	9894	463008	393413	8728	1	0	0	0	0	4	1	0	0	2	0	4	2648	2009	1	0	0	0	1	0	1	0	0	1	2	0	0	0	0	0	2	6	0	6557	0	1
165	4.5589	7.5626	4.3691	1.8543	0	0	0	0	0	0	0	0	0	0	0	0	0	0	0	0	3844	249090	13036	12957	4863	10117	462579	392081	8736	2	0	0	0	0	4	1	0	0	0	0	10	2623	2037	0	0	0	0	3	0	0	0	0	2	1	0	0	0	0	0	8	4	0	5858	1	1
166	4.5589	7.5626	4.3691	1.8648	0	0	0	0	0	0	0	0	0	0	0	0	0	0	0	0	4052	250036	12915	12696	4777	9962	461821	392557	8683	2	0	0	0	0	2	1	0	1	0	1	4	2616	2078	0	0	0	0	2	0	0	0	0	2	1	0	0	1	0	0	10	1	0	4676	4	3
167	4.5589	7.5626	4.3691	1.8753	0	0	0	0	0	0	0	0	0	0	0	0	0	0	0	0	4028	249230	12989	12842	4786	9948	460757	390944	8541	3	0	0	0	0	3	0	0	0	0	0	10	2572	2060	0	0	0	0	2	2	0	0	0	2	2	0	0	1	0	0	10	5	0	3550	0	1
168	4.5589	7.5626	4.3691	1.8857	0	0	0	0	0	0	0	0	0	0	0	0	0	0	0	0	3936	247371	12803	12783	4765	10190	458862	389121	8708	4	0	0	0	0	1	3	0	0	0	0	9	2561	2048	1	0	0	0	1	3	0	0	0	1	2	0	0	1	1	0	8	7	0	2467	1	0
169	4.5589	7.5626	4.3691	1.8960	0	0	0	0	0	0	0	0	0	0	0	0	0	0	0	0	3972	246037	12902	12849	4792	9876	457710	388290	8739	1	0	0	0	0	1	2	0	0	3	0	4	2534	2050	0	0	0	0	0	1	0	0	0	3	2	0	0	0	0	0	5	7	0	1418	2	0
170	4.5589	7.5626	4.3691	1.9063	0	0	0	0	0	0	0	0	0	0	0	0	0	0	0	0	4000	247136	12939	12948	4741	9906	456485	387535	8512	1	0	0	0	0	3	2	0	0	2	0	9	2647	2049	0	0	0	0	1	0	0	0	0	0	3	0	0	1	0	0	9	4	0	681	0	1
171	4.5589	7.5626	4.3691	1.9166	0	0	0	0	0	0	0	0	0	0	0	0	0	0	0	0	3970	247704	12946	12567	4687	10202	457081	388800	8733	3	0	0	0	0	2	0	0	0	1	0	4	2693	2086	1	0	0	0	2	0	0	0	0	1	1	0	0	1	0	0	6	4	0	300	1	2
172	4.5589	7.5626	4.3691	1.9268	0	0	0	0	0	0	0	0	0	0	0	0	0	0	0	0	3964	246567	12827	12753	4609	9965	454729	387875	8605	1	0	0	0	0	1	3	0	0	3	0	6	2547	2057	2	0	0	0	0	1	0	0	0	2	2	0	0	0	0	0	8	3	0	250	0	2
173	4.5589	7.5626	4.3691	1.9369	0	0	0	0	0	0	0	0	0	0	0	0	0	0	0	0	4003	247020	12953	12775	4623	9864	455848	386950	8562	3	0	0	0	0	4	0	0	1	0	0	3	2566	2062	0	0	0	0	1	1	0	0	0	0	4	0	0	1	0	0	6	1	0	627	0	0
174	4.5589	7.5626	4.3691	1.9470	0	0	0	0	0	0	0	0	0	0	0	0	0	0	0	0	3943	248048	12869	13058	4636	9870	456597	388250	8841	4	0	0	0	0	4	1	0	2	1	1	5	2584	1982	0	0	0	0	3	0	0	0	1	3	3	0	0	2	0	0	10	2	0	1292	2	0
175	4.5589	7.5626	4.3691	1.9570	0	0	0	0	0	0	0	0	0	0	0	0	0	0	0	0	4005	246508	12729	12886	4688	9844	456712	387935	8710	3	0	0	0	0	2	1	0	0	0	1	3	2558	1966	0	0	0	0	2	1	0	0	0	2	0	0	0	0	1	0	8	2	1	2278	3	0
176	4.5609	7.5638	4.3706	1.7000	0	0	0	0	0	0	0	0	0	0	0	0	0	0	0	0	3949	246929	12823	12720	4783	9805	456802	391147	8611	1	0	0	0	0	1	0	0	1	1	0	3	2624	2064	0	0	0	0	4	0	0	0	1	1	1	0	0	1	0	0	4	1	0	905	1	0
177	4.5609	7.5638	4.3706	1.7115	0	0	0	0	0	0	0	0	0	0	0	0	0	0	0	0	3994	245590	12495	12761	4699	9827	457635	388534	8844	1	0	0	0	0	8	1	0	1	0	0	2	2633	2060	0	0	0	0	0	1	0	0	0	3	1	0	0	0	0	0	7	2	0	367	0	0
178	4.5609	7.5638	4.3706	1.7229	0	0	0	0	0	0	0	0	0	0	0	0	0	0	0	0	3964	247470	12695	12737	4616	9601	459669	390605	8558	1	0	0	0	0	4	2	0	1	0	0	3	2625	2020	1	1	0	0	0	3	0	0	0	2	1	0	0	0	0	0	5	2	0	239	1	2
179	4.5609	7.5638	4.3706	1.7342	0	0	0	0	0	0	0	0	0	0	0	0	0	0	0	0	3965	246472	13039	12682	4624	9649	457880	389769	8481	2	0	0	0	0	2	2	0	1	1	0	3	2614	1994	0	0	0	0	1	1	0	0	0	1	2	1	0	2	0	0	2	7	0	509	2	2
180	4.5609	7.5638	4.3706	1.7455	0	0	0	0	0	0	0	0	0	0	0	0	0	0	0	0	3969	248358	12847	12901	4732	9644	458313	392376	8532	1	0	0	0	0	2	1	0	0	1	0	2	2591	2045	1	0	0	0	1	2	0	0	0	1	2	0	0	0	0	0	3	5	0	1074	1	0
181	4.5609	7.5638	4.3706	1.7567	0	0	0	0	0	0	0	0	0	0	0	0	0	0	0	0	4062	247577	12830	12658	4721	9680	459663	392575	8589	2	0	0	0	0	2	1	0	0	2	1	4	2582	2053	1	0	0	0	0	1	0	0	0	2	2	0	0	0	0	0	2	2	0	1946	0	0
182	4.5609	7.5638	4.3706	1.7678	0	0	0	0	0	0	0	0	0	0	0	0	0	0	0	0	4041	245263	12527	12836	4630	9611	457189	387697	8651	2	0	0	0	0	2	1	0	2	1	0	2	2564	2056	1	0	0	0	1	1	0	0	0	3	3	0	0	0	1	0	4	6	0	2997	1	0
183	4.5609	7.5638	4.3706	1.7788	0	0	0	0	0	0	0	0	0	0	0	0	0	0	0	0	4000	246499	12632	12754	4559	9719	456924	388885	8508	0	0	0	0	0	2	2	0	1	0	0	4	2721	1938	1	0	0	0	2	2	0	0	0	1	3	0	0	0	1	0	4	3	0	4065	0	0
184	4.5609	7.5638	4.3706	1.7898	0	0	0	0	0	0	0	0	0	0	0	0	0	0	0	0	3951	245914	12730	12857	4569	9625	457629	389725	8504	0	0	0	0	0	4	1	0	1	2	0	7	2523	2038	0	0	0	0	0	1	0	0	0	0	1	0	0	0	0	0	4	9	0	5129	0	2
185	4.5609	7.5638	4.3706	1.8007	0	0	0	0	0	0	0	0	0	0	0	0	0	0	0	0	3866	244704	12552	12673	4684	9524	454799	387867	8618	0	0	0	0	0	2	3	0	0	0	0	3	2649	1997	0	0	0	0	1	0	0	0	0	0	2	0	0	1	0	0	6	5	0	6099	1	0
186	4.5609	7.5638	4.3706	1.8115	0	0	0	0	0	0	0	0	0	0	0	0	0	0	0	0	3938	245124	12630	12600	4610	9752	457698	389140	8513	4	0	0	0	0	4	2	0	1	0	1	3	2560	1969	0	0	0	0	2	0	0	0	0	1	1	0	0	0	0	0	4	7	0	6775	1	3
187	4.5609	7.5638	4.3706	1.8223	0	0	0	0	0	0	0	0	0	0	0	0	0	0	0	0	3903	244767	12355	12378	4393	9316	456640	388818	8045	1	0	0	0	0	2	2	0	1	0	0	8	2633	1978	1	0	0	0	1	0	0	0	0	0	0	0	0	0	0	0	3	0	0	7071	2	0
188	4.5609	7.5638	4.3706	1.8330	0	0	0	0	0	0	0	0	0	0	0	0	0	0	0	0	3842	245460	12531	12924	4680	9695	456518	389183	8521	3	0	0	0	0	2	1	0	1	3	1	3	2561	2002	0	0	0	0	3	2	0	0	0	1	1	0	0	0	0	0	2	6	0	7230	2	2
189	4.5609	7.5638	4.3706	1.8437	0	0	0	0	0	0	0	0	0	0	0	0	0	0	0	0	3929	243700	12599	12650	4601	9700	454848	386651	8416	1	0	0	0	0	2	2	0	0	0	0	8	2595	2089	1	0	0	0	1	1	0	0	0	2	0	0	0	0	3	0	3	8	0	6638	0	1
190	4.5609	7.5638	4.3706	1.8543	0	0	0	0	0	0	0	0	0	0	0	0	0	0	0	0	3867	243598	12666	12850	4740	9893	455353	385560	8636	3	0	0	0	0	2	5	0	2	1	0	4	2623	1977	0	0	0	0	1	1	0	0	0	1	0	0	0	0	0	0	8	8	0	5972	1	0
191	4.5609	7.5638	4.3706	1.8648	0	0	0	0	0	0	0	0	0	0	0	0	0	0	0	0	3935	244175	12718	12809	4632	9872	454719	386057	8468	2	0	0	0	0	1	1	0	1	0	0	2	2548	1964	1	0	0	1	1	1	0	0	0	2	0	0	0	0	0	0	5	5	0	5090	0	0
192	4.5609	7.5638	4.3706	1.8753	0	0	0	0	0	0	0	0	0	0	0	0	0	0	0	0	3873	244811	12676	12677	4608	10034	456233	386350	8470	1	0	0	0	0	1	2	0	1	1	0	5	2506	2101	0	0	0	0	1	0	0	0	0	1	3	0	0	0	0	0	4	5	0	4043	0	0
193	4.5609	7.5638	4.3706	1.8857	0	0	0	0	0	0	0	0	0	0	0	0	0	0	0	0	3999	245802	12843	12672	4771	9804	456897	388302	8492	3	0	0	0	0	2	1	0	2	0	0	5	2631	2053	1	0	0	0	3	3	0	0	0	1	1	0	0	1	0	0	4	6	0	2879	1	2
194	4.5609	7.5638	4.3706	1.8960	0	0	0	0	0	0	0	0	0	0	0	0	0	0	0	0	3816	245793	12671	12839	4655	9787	456622	387942	8550	0	0	0	0	0	2	1	0	0	0	0	4	2580	2116	0	0	0	0	3	1	0	0	0	0	0	0	0	0	1	0	6	5	0	1894	2	0
195	4.5609	7.5638	4.3706	1.9063	0	0	0	0	0	0	0	0	0	0	0	0	0	0	0	0	4011	247447	12847	12629	4543	9957	458718	388483	8470	0	0	0	0	1	2	0	0	0	1	0	6	2562	2155	0	0	0	0	2	1	0	0	0	1	1	0	0	1	0	0	8	3	0	990	1	0
196	4.5609	7.5638	4.3706	1.9166	0	0	0	0	0	0	0	0	0	0	0	0	0	0	0	0	3975	246308	12801	12754	4638	9822	456833	387704	8582	1	0	0	0	0	3	1	0	0	1	0	4	2598	2035	0	0	0	0	2	3	0	0	0	1	0	0	0	0	0	0	4	3	0	440	3	0
197	4.5609	7.5638	4.3706	1.9268	0	0	0	0	0	0	0	0	0	0	0	0	0	0	0	0	4083	247069	12454	12950	4653	9802	456329	387877	8737	1	0	0	0	0	2	0	0	0	1	0	4	2646	2024	1	0	0	0	2	0	0	0	0	4	1	0	0	0	0	0	6	2	0	262	3	0
198	4.5609	7.5638	4.3706	1.9369	0	0	0	0	0	0	0	0	0	0	0	0	0	0	0	0	3979	245829	12834	12660	4671	9665	454925	388166	8607	4	0	0	0	0	2	3	0	1	0	0	8	2602	2023	2	0	0	0	0	3	0	0	0	1	1	0	0	0	0	0	6	5	0	447	2	1
199	4.5609	7.5638	4.3706	1.9470	0	0	0	0	0	0	0	0	0	0	0	0	0	0	0	0	3981	245316	12514	12554	4658	9961	456070	388404	8569	6	0	0	0	0	3	3	0	0	0	0	9	2629	2026	0	0	0	0	1	1	0	0	0	2	0	0	0	0	1	0	4	3	0	900	0	1
200	4.5609	7.5638	4.3706	1.9570	0	0	0	0	0	0	0	0	0	0	0	0	0	0	0	0	3942	246064	12823	12857	4672	9652	456659	388534	8544	0	0	0	0	0	7	2	0	0	1	0	4	2554	2076	1	0	0	0	3	1	0	0	0	1	1	0	0	0	0	0	8	4	0	1825	1	0
201	4.5630	7.5651	4.3722	1.7000	0	0	0	0	0	0	0	0	0	0	0	0	0	0	0	0	4005	245639	12590	12507	4759	9582	457872	390897	8696	1	0	0	0	0	3	1	0	3	1	0	1	2562	2043	0	0	0	0	3	0	0	0	0	0	1	0	0	0	0	0	6	2	0	1213	0	1
202	4.5630	7.5651	4.3722	1.7115	0	0	0	0	0	0	0	0	0	0	0	0	0	0	0	0	3927	245373	12779	12692	4785	9575	458032	391966	8479	2	0	0	0	0	2	2	0	0	0	0	5	2527	2083	1	0	0	0	0	1	0	0	0	1	1	0	0	0	0	0	6	3	0	586	0	0
203	4.5630	7.5651	4.3722	1.7229	0	0	0	0	0	0	0	0	0	0	0	0	0	0	0	0	4045	245633	12695	12627	4687	9468	457429	389554	8674	2	0	0	0	0	1	1	0	2	0	1	4	2643	2049	2	1	0	0	0	0	0	0	0	1	1	0	0	1	0	0	5	3	0	264	1	3
204	4.5630	7.5651	4.3722	1.7342	0	0	0	0	0	0	0	0	0	0	0	0	0	0	0	0	3889	245502	12897	12702	4597	9640	456358	390345	8635	2	0	0	0	0	1	1	0	0	2	0	5	2596	2032	2	0	0	0	0	1	0	0	0	0	0	0	0	0	0	0	4	3	0	370	1	2
205	4.5630	7.5651	4.3722	1.7455	0	0	0	0	0	0	0	0	0	0	0	0	0	0	0	0	3997	244856	12895	12848	4695	9511	458128	391332	8438	0	0	0	0	0	4	3	0	0	1	0	2	2674	2099	1	0	0	0	2	0	0	0	0	3	2	0	0	0	0	0	2	3	0	692	2	1
206	4.5630	7.5651	4.3722	1.7567	0	0	0	0	0	0	0	0	0	0	0	0	0	0	0	0	3924	243694	12793	12847	4672	9696	456236	390729	8646	2	0	0	0	0	2	1	0	0	4	1	1	2563	2036	0	0	0	0	0	1	0	0	0	0	1	0	0	0	1	0	5	6	0	1518	1	0
207	4.5630	7.5651	4.3722	1.7678	0	0	0	0	0	0	0	0	0	0	0	0	0	0	0	0	3920	242185	12935	12776	4682	9638	455505	388277	8464	2	0	0	0	0	4	1	0	2	2	0	7	2552	2008	1	0	0	0	1	1	0	0	0	1	3	0	0	2	0	0	5	2	0	2408	1	0
208	4.5630	7.5651	4.3722	1.7788	0	0	0	0	0	0	0	0	0	0	0	0	0	0	0	0	4029	244400	12774	12815	4633	9740	456126	388463	8508	2	0	1	0	0	4	1	0	0	0	0	7	2656	2076	1	0	0	0	3	1	0	0	0	0	0	0	0	0	0	0	4	6	0	3517	1	1
209	4.5630	7.5651	4.3722	1.7898	0	0	0	0	0	0	0	0	0	0	0	0	0	0	0	0	4006	244180	12872	12797	4627	9789	457908	390084	8384	3	0	0	0	0	2	1	0	1	1	0	6	2638	2054	0	0	0	0	3	0	0	0	0	6	0	0	0	0	1	0	4	6	0	4676	0	1
210	4.5630	7.5651	4.3722	1.8007	0	0	0	0	0	0	0	0	0	0	0	0	0	0	0	0	3837	242716	12778	12951	4752	9892	456405	388036	8603	4	0	0	0	0	1	1	0	1	1	0	8	2609	1992	0	0	0	0	2	1	0	0	0	3	1	0	0	0	1	0	4	7	0	5639	2	1
211	4.5630	7.5651	4.3722	1.8115	0	0	0	0	0	0	0	0	0	0	0	0	0	0	0	0	3942	244091	12790	12719	4771	9897	456422	389652	8643	5	0	0	0	0	3	2	0	2	1	0	5	2532	2041	1	0	0	0	0	2	0	0	0	5	2	0	0	0	0	0	3	5	0	6505	1	3
212	4.5630	7.5651	4.3722	1.8223	0	0	0	0	0	0	0	0	0	0	0	0	0	0	0	0	3900	245789	12635	12767	4595	9952	457694	389672	8488	1	0	0	0	0	4	1	0	1	0	0	9	2661	1989	0	0	1	0	3	3	0	0	0	1	4	0	0	0	1	0	4	14	0	7084	0	0
213	4.5630	7.5651	4.3722	1.8330	0	0	0	0	0	0	0	0	0	0	0	0	0	0	0	0	4010	244172	12728	12658	4639	9785	457659	387855	8656	2	0	0	0	0	3	0	0	0	1	0	5	2543	2082	0	0	0	0	0	0	0	0	0	1	0	0	0	1	0	0	7	6	0	7200	1	0
214	4.5630	7.5651	4.3722	1.8437	0	0	0	0	0	0	0	0	0	0	0	0	0	0	0	0	3890	245898	12906	12893	4562	9964	457460	389717	8463	2	0	0	0	0	3	4	0	1	1	0	6	2547	2069	0	0	0	1	2	0	0	0	0	2	2	0	0	0	0	0	5	8	0	6969	0	2
215	4.5630	7.5651	4.3722	1.8543	0	0	0	0	0	0	0	0	0	0	0	0	0	0	0	0	3863	245127	12928	12641	4811	9709	457590	388227	8666	2	0	0	0	1	3	0	0	1	1	0	8	2651	1957	2	0	0	0	1	1	0	0	0	1	2	0	0	0	0	0	3	6	0	6458	2	0
216	4.5630	7.5651	4.3722	1.8648	0	0	0	0	0	0	0	0	0	0	0	0	0	0	0	0	3955	243003	12772	12993	4595	10027	455401	386190	8631	0	0	0	0	0	1	1	0	0	0	0	2	2520	1977	0	0	0	0	0	1	0	0	0	0	0	0	0	0	0	0	6	9	0	5680	1	1
217	4.5630	7.5651	4.3722	1.8753	0	0	0	0	0	0	0	0	0	0	0	0	0	0	0	0	3940	243301	12736	12675	4731	9927	457052	386202	8702	1	0	0	0	0	2	1	0	2	0	1	4	2707	2039	0	0	0	0	4	3	0	0	0	1	2	0	0	1	2	0	4	5	0	4561	2	1
218	4.5630	7.5651	4.3722	1.8857	0	0	0	0	0	0	0	0	0	0	0	0	0	0	0	0	3969	241696	12889	12698	4725	9975	453698	385955	8645	2	0	0	0	0	6	2	0	3	0	1	3	2465	2004	0	0	0	0	0	1	0	0	0	1	0	0	0	1	0	0	6	2	0	3453	1	0
219	4.5630	7.5651	4.3722	1.8960	0	0	0	0	0	0	0	0	0	0	0	0	0	0	0	0	3991	242564	12951	12712	4707	9960	452013	384874	8599	4	1	0	0	0	1	0	0	1	0	1	3	2587	1956	0	0	0	0	2	2	0	0	0	2	2	0	0	0	1	0	5	5	0	2348	2	1
220	4.5630	7.5651	4.3722	1.9063	0	0	0	0	0	0	0	0	0	0	0	0	0	0	0	0	3997	244159	12919	12740	4621	9733	453386	385724	8470	3	0	0	0	0	3	0	0	1	0	0	5	2561	1961	1	0	0	0	2	3	0	0	0	3	1	0	0	0	0	0	6	8	0	1386	0	0
221	4.5630	7.5651	4.3722	1.9166	0	0	0	0	0	0	0	0	0	0	0	0	0	0	0	0	4041	244773	12910	12836	4557	9752	452546	385335	8613	0	0	0	0	0	1	2	0	0	0	0	2	2592	1971	0	0	0	0	1	1	1	0	0	2	3	0	0	0	0	0	4	4	0	682	0	1
222	4.5630	7.5651	4.3722	1.9268	0	0	0	0	0	0	0	0	0	0	0	0	0	0	0	0	3988	241760	12756	12573	4694	9986	450694	383826	8675	0	0	0	0	0	2	3	0	1	0	0	5	2548	2060	0	0	0	0	2	1	0	0	0	1	0	0	0	1	2	0	6	3	0	310	1	1
223	4.5630	7.5651	4.3722	1.9369	0	0	0	0	0	0	0	0	0	0	0	0	0	0	0	0	3926	242753	12812	12487	4771	9717	451462	384848	8691	2	0	0	0	0	3	1	0	1	1	0	1	2658	1971	1	0	0	0	3	4	0	0	0	2	3	0	0	1	0	0	4	3	0	286	0	2
224	4.5630	7.5651	4.3722	1.9470	0	0	0	0	0	0	0	0	0	0	0	0	0	0	0	0	3995	243126	12857	12567	4697	9618	450319	382999	8597	4	0	0	0	0	5	5	0	1	0	0	6	2578	2045	0	0	0	0	1	1	0	0	0	0	1	0	0	1	1	0	4	3	0	668	0	1
225	4.5630	7.5651	4.3722	1.9570	0	0	0	0	0	0	0	0	0	0	0	0	0	0	0	0	3855	241938	12894	12790	4548	9792	451516	384150	8649	2	0	0	0	0	0	1	0	1	0	0	4	2650	2035	0	0	0	0	2	1	0	0	0	4	3	0	0	0	0	0	4	1	0	1354	0	0
226	4.5651	7.5663	4.3737	1.7000	0	0	0	0	0	0	0	0	0	0	0	0	0	0	0	0	3953	241250	12870	12706	4682	9686	454726	387196	8676	2	0	0	0	0	2	1	0	1	0	0	2	2673	2066	0	0	0	0	1	1	0	0	0	0	1	0	0	0	0	0	13	2	0	1560	0	0
227	4.5651	7.5663	4.3737	1.7115	0	0	0	0	0	0	0	0	0	0	0	0	0	0	0	0	3912	242035	12788	12742	4704	9749	453520	386635	8622	0	0	0	0	0	3	1	0	1	1	0	3	2545	1971	0	0	0	0	2	0	0	0	0	3	2	0	0	1	1	0	7	2	0	844	0	2
228	4.5651	7.5663	4.3737	1.7229	0	0	0	0	0	0	0	0	0	0	0	0	0	0	0	0	3962	242945	12758	12703	4891	9666	451764	385806	8597	3	0	0	0	0	2	1	0	1	3	0	6	2621	2072	0	0	0	1	1	0	0	0	0	1	1	0	0	1	0	0	3	0	0	417	0	1
229	4.5651	7.5663	4.3737	1.7342	0	0	0	0	0	0	0	0	0	0	0	0	0	0	0	0	4046	241064	12755	12646	4661	9673	451320	383282	8513	2	0	0	0	0	5	1	0	0	0	0	6	2624	1966	0	0	0	0	3	3	0	0	0	1	1	0	0	1	0	0	3	3	0	277	1	0
230	4.5651	7.5663	4.3737	1.7455	0	0	0	0	0	0	0	0	0	0	0	0	0	0	0	0	3968	239495	12785	12835	4659	9688	449521	383502	8504	3	0	0	0	0	2	1	0	0	0	0	1	2591	1963	2	0	0	0	2	0	0	0	1	2	1	0	0	0	0	0	5	4	0	472	0	2
231	4.5651	7.5663	4.3737	1.7567	0	0	0	0	0	0	0	0	0	0	0	0	0	0	0	0	3995	241545	12844	12788	4596	9719	451096	384277	8735	1	0	0	0	0	3	2	0	0	1	0	5	2607	1950	0	0	0	0	0	1	0	0	0	2	3	0	0	0	0	0	3	8	0	1114	0	0
232	4.5651	7.5663	4.3737	1.7678	0	0	0	0	0	0	0	0	0	0	0	0	0	0	0	0	3942	241225	12536	12779	4797	9882	452666	385527	8756	5	0	0	0	0	0	2	0	0	0	0	3	2545	1975	1	0	0	0	1	2	0	0	0	4	0	0	0	1	0	0	9	6	0	2036	0	0
233	4.5651	7.5663	4.3737	1.7788	0	0	0	0	0	0	0	0	0	0	0	0	0	0	0	0	3927	240704	12775	12802	4632	9766	451346	384685	8726	2	0	0	0	0	3	0	0	0	0	0	7	2591	1973	1	0	0	0	3	1	0	0	0	1	1	0	0	0	1	0	4	9	0	2975	2	2
234	4.5651	7.5663	4.3737	1.7898	0	0	0	0	0	0	0	0	0	0	0	0	0	0	0	0	3947	239482	12721	12913	4617	9832	451469	384081	8598	2	0	0	0	0	2	2	0	2	0	0	7	2426	1980	0	0	0	0	1	1	0	0	0	3	1	0	0	0	0	0	3	5	0	4100	1	0
235	4.5651	7.5663	4.3737	1.8007	0	0	0	0	0	0	0	0	0	0	0	0	0	0	0	0	4082	239412	12686	12937	4754	9947	450378	383980	8848	3	0	0	0	1	3	4	0	1	1	0	4	2480	2039	0	0	0	0	1	1	0	0	0	2	1	0	0	2	0	0	4	4	0	5233	1	1
236	4.5651	7.5663	4.3737	1.8115	0	0	0	0	0	0	0	0	0	0	0	0	0	0	0	0	4002	239467	12825	12704	4668	9713	451526	385973	8520	2	0	0	0	0	1	2	0	0	1	0	2	2527	1964	0	0	0	0	2	0	0	0	0	0	2	0	0	2	1	0	4	6	0	5937	1	0
237	4.5651	7.5663	4.3737	1.8223	0	0	0	0	0	0	0	0	0	0	0	0	0	0	0	0	4042	239538	12828	13073	4709	9808	451705	383971	8614	4	0	0	0	0	0	0	0	3	0	0	2	2581	1930	1	0	0	0	1	1	0	0	0	0	3	1	0	0	0	0	1	2	0	6804	1	0
238	4.5651	7.5663	4.3737	1.8330	0	0	0	0	0	0	0	0	0	0	0	0	0	0	0	0	3971	240515	12686	12668	4624	9871	452614	385652	8708	5	0	0	0	0	2	1	0	0	2	0	8	2531	1977	1	0	0	0	1	1	0	0	0	2	1	0	0	0	0	0	5	6	0	7039	0	0
239	4.5651	7.5663	4.3737	1.8437	0	0	0	0	0	0	0	0	0	0	0	0	0	0	0	0	3790	239028	13009	12950	4709	9734	452632	384780	8518	4	0	0	0	0	3	2	0	0	5	0	4	2522	1907	1	0	0	0	0	1	0	0	0	0	2	0	0	0	1	0	4	8	0	7079	2	0
240	4.5651	7.5663	4.3737	1.8543	0	0	0	0	0	0	0	0	0	0	0	0	0	0	0	0	3826	238780	12963	12944	4747	9774	450303	382195	8555	1	0	0	0	0	4	1	0	2	0	0	7	2539	1964	0	0	0	0	0	0	0	0	0	0	3	0	0	3	0	0	5	6	0	6578	0	0
241	4.5651	7.5663	4.3737	1.8648	0	0	0	0	0	0	0	0	0	0	0	0	0	0	0	0	4002	240394	12656	12719	4687	9816	448949	382075	8549	5	0	0	0	0	1	0	0	1	0	0	5	2577	1935	0	1	0	0	0	3	0	0	0	2	0	0	0	0	0	0	4	6	0	5916	1	1
242	4.5651	7.5663	4.3737	1.8753	0	0	0	0	0	0	0	0	0	0	0	0	0	0	0	0	3968	240423	12639	12829	4592	9872	451042	383061	8596	4	0	0	0	0	4	3	0	0	1	0	2	2570	1964	0	0	0	0	1	0	0	0	0	1	1	0	0	0	1	0	7	4	0	5028	2	0
243	4.5651	7.5663	4.3737	1.8857	0	0	0	0	0	0	0	0	0	0	0	0	0	0	0	0	3965	238356	12860	12601	4635	9725	448722	381405	8710	1	0	0	0	0	4	1	0	0	1	0	3	2585	1956	0	0	0	0	1	3	0	0	0	1	1	0	0	0	0	0	6	5	0	3736	0	1
244	4.5651	7.5663	4.3737	1.8960	0	0	0	0	0	0	0	0	0	0	0	0	0	0	0	0	3872	238800	12647	12724	4644	9666	448109	380645	8687	0	0	0	0	0	1	5	0	0	1	1	4	2601	1908	0	0	0	0	0	1	0	0	0	0	2	0	0	1	2	0	5	7	0	2867	0	0
245	4.5651	7.5663	4.3737	1.9063	0	0	0	0	0	0	0	0	0	0	0	0	0	0	0	0	3891	239981	12906	12669	4672	9844	449856	383061	8769	2	0	0	0	0	2	3	0	0	0	0	3	2468	2008	1	0	0	0	0	0	0	0	0	4	0	0	0	1	0	0	4	2	0	1740	0	0
246	4.5651	7.5663	4.3737	1.9166	0	0	0	0	0	0	0	0	0	0	0	0	0	0	0	0	3938	239177	12904	12875	4658	9862	448495	382681	8572	3	0	0	0	0	0	0	0	2	3	1	3	2559	1963	0	0	0	0	1	0	0	0	0	0	4	0	0	1	0	0	4	6	0	972	2	0
247	4.5651	7.5663	4.3737	1.9268	0	0	0	0	0	0	0	0	0	0	0	0	0	0	0	0	3789	239822	12748	12782	4682	9694	447426	381364	8568	3	0	0	0	0	0	1	0	1	0	0	2	2553	2042	0	0	0	0	3	0	0	0	0	0	2	0	0	2	1	0	6	1	0	403	3	0
248	4.5651	7.5663	4.3737	1.9369	0	0	0	0	0	0	0	0	0	0	0	0	0	0	0	0	3857	239526	12727	12683	4629	9781	447968	382148	8579	3	0	0	0	0	5	1	0	1	0	0	3	2576	2060	1	0	0	0	1	1	0	0	1	0	1	0	0	0	0	0	3	3	0	240	0	0
249	4.5651	7.5663	4.3737	1.9470	0	0	0	0	0	0	0	0	0	0	0	0	0	0	0	0	3949	240787	12788	12779	4583	9707	446487	380558	8601	2	0	0	0	0	2	1	0	1	2	0	2	2563	1977	0	0	0	0	0	1	0	0	0	0	0	0	0	0	0	0	3	2	0	462	0	1
250	4.5651	7.5663	4.3737	1.9570	0	0	0	0	0	0	0	0	0	0	0	0	0	0	0	0	3966	240915	12845	12706	4693	9776	447992	382353	8677	0	0	0	0	0	3	2	0	0	0	0	3	2649	2107	0	0	0	0	2	2	0	0	0	2	1	0	0	0	0	0	5	6	0	1037	2	1
251	4.5671	7.5676	4.3752	1.7000	0	0	0	0	0	0	0	0	0	0	0	0	0	0	0	0	3895	240596	12672	12613	4505	9555	452195	386155	8526	2	0	0	0	0	2	2	0	1	1	0	1	2620	1950	0	0	0	0	1	0	0	0	0	0	0	0	0	0	0	0	11	1	0	2170	0	1
252	4.5671	7.5676	4.3752	1.7115	0	0	0	0	0	0	0	0	0	0	0	0	0	0	0	0	3912	239205	12873	12846	4688	9657	449680	385751	8499	2	0	0	0	0	1	2	0	2	0	0	1	2546	1994	0	0	0	0	1	0	0	0	0	0	2	0	0	0	1	0	4	1	0	1257	3	1
253	4.5671	7.5676	4.3752	1.7229	0	0	0	0	0	0	0	0	0	0	0	0	0	0	0	0	4029	240683	13072	12764	4831	9892	450275	382940	8569	1	0	0	0	0	1	2	0	0	0	0	4	2611	2036	0	0	0	0	3	0	0	0	0	1	1	0	0	1	1	0	6	0	0	554	1	0
254	4.5671	7.5676	4.3752	1.7342	0	0	0	0	0	0	0	0	0	0	0	0	0	0	0	0	4009	240054	12858	12755	4829	9551	450837	383471	8722	0	0	0	0	0	6	2	0	1	1	0	2	2665	2029	1	0	0	0	0	1	0	0	0	2	1	0	0	0	2	0	4	5	0	331	1	0
255	4.5671	7.5676	4.3752	1.7455	0	0	0	0	0	0	0	0	0	0	0	0	0	0	0	0	3918	241406	12856	12845	4713	9804	450221	384427	8677	2	0	0	0	0	3	4	0	0	1	0	3	2505	2004	1	0	0	0	1	2	0	0	1	2	1	0	0	0	2	0	1	5	0	362	0	0
256	4.5671	7.5676	4.3752	1.7567	0	0	0	0	0	0	0	0	0	0	0	0	0	0	0	0	4046	239635	13007	12812	4779	9662	448550	382172	8670	1	0	0	0	0	2	4	0	1	1	0	1	2553	1936	1	0	0	0	2	1	0	0	0	0	1	0	0	0	0	0	5	5	0	758	2	0
257	4.5671	7.5676	4.3752	1.7678	0	0	0	0	0	0	0	0	0	0	0	0	0	0	0	0	3923	241126	12758	12803	4726	9755	450909	384744	8587	3	0	0	0	0	1	0	0	0	0	1	2	2519	1968	0	0	0	0	1	2	0	0	0	3	1	0	0	0	0	0	7	4	1	1531	1	1
258	4.5671	7.5676	4.3752	1.7788	0	0	0	0	0	0	0	0	0	0	0	0	0	0	0	0	4032	240576	12897	13015	4742	9912	451102	385129	8546	2	0	0	0	0	1	1	0	2	1	0	3	2587	1982	1	1	0	0	2	1	0	0	0	1	0	0	0	0	0	0	5	6	0	2515	0	0
259	4.5671	7.5676	4.3752	1.7898	0	0	0	0	0	0	0	0	0	0	0	0	0	0	0	0	4110	240478	12802	12911	4777	10049	450773	384023	8742	2	0	0	0	0	0	0	0	0	2	0	3	2545	1957	0	0	0	0	1	0	0	0	0	3	1	0	0	0	0	0	1	10	0	3591	0	0
260	4.5671	7.5676	4.3752	1.8007	0	0	0	0	0	0	0	0	0	0	0	0	0	0	0	0	3992	239286	12861	12766	4660	9827	452254	386664	8619	1	0	0	0	0	2	1	0	0	3	0	4	2525	2037	0	0	0	0	0	3	0	0	0	1	3	0	0	0	0	0	2	9	0	4718	0	0
261	4.5671	7.5676	4.3752	1.8115	0	0	0	0	0	0	0	0	0	0	0	0	0	0	0	0	3915	239184	12948	12782	4767	9869	453587	384264	8487	1	0	0	0	0	3	1	0	1	0	1	5	2671	1955	0	0	0	0	0	2	0	0	0	2	3	0	0	0	0	0	3	6	0	5506	0	1
262	4.5671	7.5676	4.3752	1.8223	0	0	0	0	0	0	0	0	0	0	0	0	0	0	0	0	3840	239116	12723	12648	4804	9909	453042	385112	8766	1	0	0	0	0	2	1	0	1	3	0	5	2579	1951	1	0	0	0	1	0	0	0	0	1	1	0	0	0	1	0	6	9	0	6493	1	0
263	4.5671	7.5676	4.3752	1.8330	0	0	0	0	0	0	0	0	0	0	0	0	0	0	0	0	4033	240312	13022	12919	4626	10132	452928	385491	8674	1	0	0	0	0	2	1	0	0	0	0	0	2507	1946	0	0	0	0	0	1	0	0	0	2	1	0	0	1	1	0	2	4	1	7021	0	1
264	4.5671	7.5676	4.3752	1.8437	0	0	0	0	0	0	0	0	0	0	0	0	0	0	0	0	4125	238627	12956	12757	4727	9868	449752	384574	8744	1	0	0	0	0	1	5	0	1	1	0	4	2534	1991	0	0	0	0	2	1	0	0	0	2	1	0	0	1	0	0	6	5	0	7017	1	1
265	4.5671	7.5676	4.3752	1.8543	0	0	0	0	0	0	0	0	0	0	0	0	0	0	0	0	4012	239687	12842	12890	4853	9883	452598	384145	8801	1	1	0	0	0	1	1	0	1	3	1	6	2512	2030	1	0	0	0	4	0	0	0	0	0	0	0	0	0	0	0	4	3	0	6748	0	2
266	4.5671	7.5676	4.3752	1.8648	0	0	0	0	0	0	0	0	0	0	0	0	0	0	0	0	3938	239534	12891	12967	4738	10012	451316	384079	8664	3	0	0	0	0	1	3	1	0	1	0	5	2486	1978	0	0	0	0	2	1	0	0	0	0	2	0	0	1	0	1	6	0	0	6324	1	0
267	4.5671	7.5676	4.3752	1.8753	0	0	0	0	0	0	0	0	0	0	0	0	0	0	0	0	4069	238899	12902	12795	4689	10173	452895	384084	8691	0	0	0	0	0	2	2	0	1	0	0	3	2605	1999	2	0	0	0	1	0	0	0	0	1	1	0	0	0	0	0	5	3	0	5499	1	1
268	4.5671	7.5676	4.3752	1.8857	0	0	0	0	0	0	0	0	0	0	0	0	0	0	0	0	4004	237744	12974	12568	4740	10124	450115	383546	8766	4	0	0	0	0	1	3	0	1	0	1	8	2541	2058	0	0	0	0	2	1	0	0	0	1	0	0	0	0	0	0	3	6	0	4454	0	0
269	4.5671	7.5676	4.3752	1.8960	0	0	0	0	0	0	0	0	0	0	0	0	0	0	0	0	4061	238560	13014	12767	4710	10057	449324	382896	8602	1	0	0	0	0	1	1	0	1	0	0	6	2541	1929	0	0	0	0	2	0	0	0	0	1	0	0	0	0	1	0	5	6	0	3442	2	1
270	4.5671	7.5676	4.3752	1.9063	0	0	0	0	0	0	0	0	0	0	0	0	0	0	0	0	3930	236970	13003	12902	4519	10046	448807	379207	8637	3	0	0	0	0	1	3	0	3	0	0	6	2584	1926	0	0	0	0	0	3	0	1	0	1	3	0	0	0	0	0	2	6	0	2294	0	0
271	4.5671	7.5676	4.3752	1.9166	0	0	0	0	0	0	0	0	0	0	0	0	0	0	0	0	4048	238449	12858	12662	4713	9754	447032	380796	8613	1	0	0	0	0	4	1	0	1	0	2	2	2558	2066	1	0	0	0	2	0	0	0	0	1	1	0	0	0	2	0	8	0	0	1372	2	1
272	4.5671	7.5676	4.3752	1.9268	0	0	0	0	0	0	0	0	0	0	0	0	0	0	0	0	3947	237913	12802	12687	4789	10003	448776	380610	8700	2	0	0	0	0	3	4	0	2	0	0	3	2581	1918	0	0	0	0	2	2	0	0	0	0	1	0	0	0	0	0	3	2	0	673	1	0
273	4.5671	7.5676	4.3752	1.9369	0	0	0	0	0	0	0	0	0	0	0	0	0	0	0	0	4092	237551	12873	12680	4703	9919	446102	380186	8579	0	0	0	0	0	3	0	0	1	1	0	2	2488	2020	0	0	0	0	2	2	0	0	0	3	1	0	0	0	0	0	6	1	0	349	0	0
274	4.5671	7.5676	4.3752	1.9470	0	0	0	0	0	0	0	0	0	0	0	0	0	0	0	0	3946	238660	12843	12563	4707	9696	445922	380701	8669	1	0	0	0	0	3	1	0	0	1	0	6	2609	2082	2	0	0	0	1	3	0	0	0	0	0	0	0	3	0	0	5	1	0	320	0	1
275	4.5671	7.5676	4.3752	1.9570	0	0	0	0	0	0	0	0	0	0	0	0	0	0	0	0	3985	238355	12871	12809	4632	9692	446504	379553	8333	2	0	0	0	0	2	1	0	1	1	0	1	2426	1939	1	0	0	0	2	2	0	0	0	0	3	0	0	0	0	0	4	5	0	709	0	3
276	4.5692	7.5688	4.3768	1.7000	0	0	0	0	0	0	0	0	0	0	0	0	0	0	0	0	4021	239606	12773	12745	4696	9504	448598	384741	8803	0	0	0	0	0	3	2	0	2	0	1	5	2606	2060	0	0	0	0	0	2	0	0	0	2	2	0	0	0	0	0	6	0	0	2582	0	0
277	4.5692	7.5688	4.3768	1.7115	0	0	0	0	0	0	0	0	0	0	0	0	0	0	0	0	3871	238632	12823	12676	4767	9659	449611	383599	8624	3	0	0	0	0	0	4	0	1	0	0	5	2612	2013	0	0	0	0	2	0	0	0	0	0	1	0	0	0	0	0	5	0	0	1650	0	0
278	4.5692	7.5688	4.3768	1.7229	0	0	0	0	0	0	0	0	0	0	0	0	0	0	0	0	3999	238128	12890	12805	4735	9618	447535	382292	8748	2	0	0	0	0	2	2	0	0	0	0	2	2555	2038	2	0	0	0	1	2	0	0	0	3	0	0	0	1	1	0	2	5	0	852	2	2
279	4.5692	7.5688	4.3768	1.7342	0	0	0	0	0	0	0	0	0	0	0	0	0	0	0	0	3938	238957	13008	12857	4782	9623	449554	382965	8634	3	0	0	0	0	3	5	0	2	0	0	3	2451	1883	0	0	0	0	0	4	0	0	0	1	1	0	0	1	1	0	8	2	0	497	2	1
280	4.5692	7.5688	4.3768	1.7455	0	0	0	0	0	0	0	0	0	0	0	0	0	0	0	0	3984	238662	12850	12880	4679	9416	447603	380728	8673	2	0	0	0	0	5	0	0	1	1	0	2	2519	2035	0	0	0	0	2	0	0	0	0	1	1	0	0	1	0	0	4	2	0	327	0	1
281	4.5692	7.5688	4.3768	1.7567	0	0	0	0	0	0	0	0	0	0	0	0	0	0	0	0	3973	238896	12826	12670	4592	9737	447708	382293	8511	1	0	0	0	0	1	1	1	1	2	1	3	2547	2002	0	0	0	0	2	2	0	0	0	0	2	0	0	0	1	0	3	3	0	574	0	0
282	4.5692	7.5688	4.3768	1.7678	0	0	0	0	0	0	0	0	0	0	0	0	0	0	0	0	3860	238314	12792	12970	4655	9681	445857	380748	8617	0	0	0	0	0	1	0	0	0	2	0	5	2593	2117	1	0	0	0	0	1	0	0	0	0	1	0	0	1	0	0	4	7	0	1074	1	0
283	4.5692	7.5688	4.3768	1.7788	0	0	0	0	0	0	0	0	0	0	0	0	0	0	0	0	3815	236612	12944	12864	4654	9623	445253	379896	8575	2	0	0	0	0	2	0	0	0	0	1	4	2516	1924	0	0	0	0	2	0	0	0	0	2	1	0	0	0	1	0	6	6	0	1981	0	0
284	4.5692	7.5688	4.3768	1.7898	0	0	0	0	0	0	0	0	0	0	0	0	0	0	0	0	4013	236583	12851	12592	4537	9405	444690	379867	8667	4	0	0	0	0	2	1	0	1	2	0	6	2467	1942	0	0	1	0	0	2	0	0	0	4	0	0	0	1	0	0	1	6	0	2829	0	1
285	4.5692	7.5688	4.3768	1.8007	0	0	0	0	0	0	0	0	0	0	0	0	0	0	0	0	3861	237067	12823	12613	4716	9798	445919	380413	8521	2	0	0	0	0	3	5	0	2	0	0	6	2493	2006	1	0	0	0	3	3	0	0	0	0	1	0	0	0	0	0	2	8	0	4021	1	0
286	4.5692	7.5688	4.3768	1.8115	0	0	0	0	0	0	0	0	0	0	0	0	0	0	0	0	3870	235699	12821	12761	4760	9957	446238	380140	8674	3	0	0	0	0	2	4	0	2	0	0	3	2458	2067	0	0	0	0	0	0	0	0	0	2	1	0	0	1	0	0	0	9	0	5138	0	0
287	4.5692	7.5688	4.3768	1.8223	0	0	0	0	0	0	0	0	0	0	0	0	0	0	0	0	3905	237740	12785	12734	4697	9687	449256	382707	8532	1	0	0	0	0	3	1	0	1	3	0	5	2585	1955	1	0	0	0	2	2	0	0	0	2	2	0	0	0	1	0	2	6	0	6035	1	1
288	4.5692	7.5688	4.3768	1.8330	0	0	0	0	0	0	0	0	0	0	0	0	0	0	0	0	3980	237034	12700	12954	4700	9936	449748	382310	8776	0	0	0	0	0	2	2	0	0	0	0	6	2533	1991	1	0	0	0	2	2	0	0	0	1	3	0	0	0	0	0	6	5	0	6699	0	0
289	4.5692	7.5688	4.3768	1.8437	0	0	0	0	0	0	0	0	0	0	0	0	0	0	0	0	3938	236308	12700	12751	4631	9819	447667	381689	8490	0	0	0	0	0	5	3	0	0	0	0	7	2508	1916	0	0	0	0	0	2	0	0	0	1	0	0	0	0	1	0	1	2	0	6880	0	1
290	4.5692	7.5688	4.3768	1.8543	0	0	0	0	0	0	0	0	0	0	0	0	0	0	0	0	3864	238130	12698	13012	4646	10073	449903	382883	8607	0	0	0	0	0	2	1	0	0	1	2	4	2512	2027	0	0	0	0	2	1	0	0	0	2	2	0	0	0	0	0	1	4	0	6931	1	2
291	4.5692	7.5688	4.3768	1.8648	0	0	0	0	0	0	0	0	0	0	0	0	0	0	0	0	3977	237481	12673	12877	4739	9885	448107	380616	8752	2	0	0	0	0	3	2	0	1	1	0	7	2482	1968	0	0	0	0	0	1	0	0	1	1	1	0	0	0	0	0	7	5	0	6569	5	1
292	4.5692	7.5688	4.3768	1.8753	0	0	0	0	0	0	0	0	0	0	0	0	0	0	0	0	3971	236751	12786	13013	4704	9989	447764	380984	8700	0	0	0	0	0	1	3	0	0	1	1	7	2404	1944	0	0	0	0	3	2	0	0	0	2	0	0	0	0	2	1	2	4	0	5922	2	0
293	4.5692	7.5688	4.3768	1.8857	0	0	0	0	0	0	0	0	0	0	0	0	0	0	0	0	3912	237785	13004	12747	4845	9745	447082	380307	8496	1	0	0	0	0	3	2	0	1	0	0	5	2541	2043	0	0	0	0	3	1	0	0	0	3	0	0	0	0	0	0	5	9	0	5122	0	2
294	4.5692	7.5688	4.3768	1.8960	0	0	0	0	0	0	0	0	0	0	0	0	0	0	0	0	3921	237858	12677	13052	4706	9631	446353	379866	8529	0	0	0	0	0	3	0	0	1	0	0	3	2534	1977	1	0	0	0	1	3	0	0	0	0	1	0	0	1	1	0	7	1	0	3850	2	2
295	4.5692	7.5688	4.3768	1.9063	0	0	0	0	0	0	0	0	0	0	0	0	0	0	0	0	3926	236247	12737	12888	4652	10094	443697	378363	8511	4	0	0	0	0	0	2	0	0	1	0	5	2509	1925	0	0	0	0	3	1	0	0	0	6	0	0	0	0	0	0	5	3	0	2752	3	0
296	4.5692	7.5688	4.3768	1.9166	0	0	0	0	0	0	0	0	0	0	0	0	0	0	0	0	3853	235783	12860	12720	4836	10011	442890	377853	8352	2	0	0	0	0	0	1	0	2	0	0	6	2455	1922	0	0	0	0	1	0	0	0	0	0	2	0	0	0	0	0	3	2	0	1706	1	0
