Setting	Current1	Current2	Current3	Current4	Current5	Current6	Current7	Current8	269	29	293	53	325	85	389	149	270	30	294	54	326	86	390	150	1	2	4	8	16	32	64	128	256	3	5	9	17	33	65	129	257	6	10	18	34	66	130	258	12	20	36	68	132	260	24	40	72	136	264	48	80	144	272	96	160	288	192	320	384
26112	1.7620	1.6316	1.7610	1.8176	1.7617	1.8730	1.8957	1.8834	1.7094	1.9290	1.7000	1.8872	1.7000	1.7924	0.0000	1.8975	1.7000	1.8475	1.8634	1.7588	1.7571	1.8730	1.9139	1.8743	0	0	0	0	0	0	0	0	0	0	0	0	0	0	0	0	504048	1523643	1672311	722002	878267	552693	1318395	602436	659041	351	457	129	186	112	296	118	119	1062	433	698	473	49060	336	411	442	622	49711	1029	394	556	249	167	508	340	15622	203	481	297	348	402	158	130	317	303	212
26112	1.7620	1.6316	1.7610	1.8176	1.7617	1.8730	1.8957	1.8834	1.7094	1.9290	1.7000	1.8872	1.7000	1.7924	0.0000	1.8975	1.7000	1.8475	1.8634	1.7588	1.7571	1.8730	1.9139	1.8743	0	0	0	0	0	0	0	0	0	0	0	0	0	0	0	0	506621	1524080	1677602	721831	874932	554256	1316199	601765	660284	426	432	151	197	131	300	131	124	1074	422	634	498	49154	314	442	423	631	50291	1028	371	508	243	168	545	353	15824	231	474	243	391	416	133	124	295	326	208
26112	1.7620	1.6316	1.7610	1.8176	1.7617	1.8730	1.8957	1.8834	1.7094	1.9290	1.7000	1.8872	1.7000	1.7924	0.0000	1.8975	1.7000	1.8475	1.8634	1.7588	1.7571	1.8730	1.9139	1.8743	0	0	0	0	0	0	0	0	0	0	0	0	0	0	0	0	508026	1520405	1675187	722009	874561	552969	1314782	602700	661391	354	444	127	186	99	326	135	111	1089	473	649	518	49262	381	409	445	605	50056	1016	383	520	251	189	553	302	15737	217	475	256	367	439	134	131	324	284	210
26112	1.7620	1.6316	1.7610	1.8176	1.7617	1.8730	1.8957	1.8834	1.7094	1.9290	1.7000	1.8872	1.7000	1.7924	0.0000	1.8975	1.7000	1.8475	1.8634	1.7588	1.7571	1.8730	1.9139	1.8743	0	0	0	0	0	0	0	0	0	0	0	0	0	0	0	0	504950	1522275	1670890	724555	870829	552159	1314360	601213	662661	357	445	134	193	152	314	134	147	1086	444	647	454	48768	329	416	447	644	49569	957	384	520	281	154	545	346	15833	201	483	271	369	447	129	139	349	297	195
26112	1.7620	1.6316	1.7610	1.8176	1.7617	1.8730	1.8957	1.8834	1.7094	1.9290	1.7000	1.8872	1.7000	1.7924	0.0000	1.8975	1.7000	1.8475	1.8634	1.7588	1.7571	1.8730	1.9139	1.8743	0	0	0	0	0	0	0	0	0	0	0	0	0	0	0	0	505569	1525151	1674961	720156	870480	552599	1317324	599190	657923	362	446	151	195	127	320	133	128	1037	452	661	455	49085	332	425	469	635	49682	1007	378	462	282	169	515	344	15819	220	520	262	352	441	124	143	344	285	174
26112	1.7620	1.6316	1.7610	1.8176	1.7617	1.8730	1.8957	1.8834	1.7094	1.9290	1.7000	1.8872	1.7000	1.7924	0.0000	1.8975	1.7000	1.8475	1.8634	1.7588	1.7571	1.8730	1.9139	1.8743	0	0	0	0	0	0	0	0	0	0	0	0	0	0	0	0	506124	1520605	1681077	722358	867861	553805	1314591	600483	658982	370	440	134	197	105	285	103	117	1066	438	650	490	49042	359	440	447	645	50242	1026	412	488	263	150	550	351	15746	206	507	274	328	415	152	115	338	277	185
26112	1.7620	1.6316	1.7610	1.8176	1.7617	1.8730	1.8957	1.8834	1.7094	1.9290	1.7000	1.8872	1.7000	1.7924	0.0000	1.8975	1.7000	1.8475	1.8634	1.7588	1.7571	1.8730	1.9139	1.8743	0	0	0	0	0	0	0	0	0	0	0	0	0	0	0	0	507790	1519200	1678286	721764	868001	554728	1311613	599651	659918	391	452	139	209	121	301	123	125	1004	457	666	446	49192	318	415	450	622	50153	1027	382	496	296	167	538	361	15901	229	499	272	365	409	135	133	317	310	210
26112	1.7620	1.6316	1.7610	1.8176	1.7617	1.8730	1.8957	1.8834	1.7094	1.9290	1.7000	1.8872	1.7000	1.7924	0.0000	1.8975	1.7000	1.8475	1.8634	1.7588	1.7571	1.8730	1.9139	1.8743	0	0	0	0	0	0	0	0	0	0	0	0	0	0	0	0	505700	1521387	1675930	720189	868819	552702	1315243	600751	659102	376	460	150	158	108	319	111	118	1127	440	657	473	49005	330	426	473	644	49732	1066	391	506	281	181	512	331	15687	201	490	259	385	383	135	157	313	294	171
26112	1.7620	1.6316	1.7610	1.8176	1.7617	1.8730	1.8957	1.8834	1.7094	1.9290	1.7000	1.8872	1.7000	1.7924	0.0000	1.8975	1.7000	1.8475	1.8634	1.7588	1.7571	1.8730	1.9139	1.8743	0	0	0	0	0	0	0	0	0	0	0	0	0	0	0	0	504759	1517935	1676312	722057	866052	554270	1313729	600283	661941	381	463	127	185	121	305	124	123	1118	467	642	528	48927	322	385	450	624	50396	1003	375	476	269	168	514	354	15618	199	475	223	345	401	117	135	331	293	181
26112	1.7620	1.6316	1.7610	1.8176	1.7617	1.8730	1.8957	1.8834	1.7094	1.9290	1.7000	1.8872	1.7000	1.7924	0.0000	1.8975	1.7000	1.8475	1.8634	1.7588	1.7571	1.8730	1.9139	1.8743	0	0	0	0	0	0	0	0	0	0	0	0	0	0	0	0	504684	1523086	1674377	722965	862074	552605	1317834	603618	658566	385	435	142	185	129	306	139	115	1059	444	698	472	49463	348	371	426	651	49807	1036	387	488	288	176	537	370	15732	200	474	290	327	391	140	106	334	301	238
26112	1.7620	1.6316	1.7610	1.8176	1.7617	1.8730	1.8957	1.8834	1.7094	1.9290	1.7000	1.8872	1.7000	1.7924	0.0000	1.8975	1.7000	1.8475	1.8634	1.7588	1.7571	1.8730	1.9139	1.8743	0	0	0	0	0	0	0	0	0	0	0	0	0	0	0	0	504645	1525619	1677472	723137	863773	553234	1317617	603034	664305	369	469	161	175	113	330	115	139	1039	442	598	502	49058	361	439	460	613	49931	960	392	543	319	165	570	323	15896	198	507	246	383	403	143	145	323	309	227
26112	1.7620	1.6316	1.7610	1.8176	1.7617	1.8730	1.8957	1.8834	1.7094	1.9290	1.7000	1.8872	1.7000	1.7924	0.0000	1.8975	1.7000	1.8475	1.8634	1.7588	1.7571	1.8730	1.9139	1.8743	0	0	0	0	0	0	0	0	0	0	0	0	0	0	0	0	507248	1525778	1672076	724600	859085	554044	1321414	604993	661601	388	483	164	182	117	338	130	131	1070	464	600	481	49101	306	423	461	620	49922	1028	378	518	231	153	519	307	15703	213	485	247	314	424	127	120	350	310	196
27112	1.7620	1.8481	1.7610	1.8176	1.7617	1.8730	1.8957	1.8834	1.7094	1.9290	1.7000	1.8872	1.7000	1.7924	0.0000	1.8975	1.7000	1.8475	1.8634	1.7588	1.7571	1.8730	1.9139	1.8743	1	0	0	0	0	0	0	0	0	0	0	0	0	0	0	0	511435	1523358	735641	725216	849235	555575	1313919	600922	662688	358	45564	151	171	130	320	123	137	497	445	604	510	49251	334	407	187	256	187	399	155	176	229	144	552	330	15725	206	482	225	361	398	135	122	336	314	182
27112	1.7620	1.8481	1.7610	1.8176	1.7617	1.8730	1.8957	1.8834	1.7094	1.9290	1.7000	1.8872	1.7000	1.7924	0.0000	1.8975	1.7000	1.8475	1.8634	1.7588	1.7571	1.8730	1.9139	1.8743	1	0	0	0	0	0	0	0	0	0	0	0	0	0	0	0	510804	1523375	736932	725516	852260	558812	1313916	600810	663328	414	45611	166	194	119	326	121	137	473	463	613	453	49242	341	454	177	246	209	426	174	182	240	155	560	323	15861	192	463	272	402	401	154	127	342	308	200
27112	1.7620	1.8481	1.7610	1.8176	1.7617	1.8730	1.8957	1.8834	1.7094	1.9290	1.7000	1.8872	1.7000	1.7924	0.0000	1.8975	1.7000	1.8475	1.8634	1.7588	1.7571	1.8730	1.9139	1.8743	0	0	0	0	0	0	0	0	0	0	0	0	0	0	0	0	510486	1524329	735102	722221	848859	558893	1314159	602425	662895	388	45456	140	194	124	328	118	115	520	471	652	477	49031	341	423	206	282	193	356	166	189	247	163	528	350	15748	204	478	249	365	415	142	127	315	267	191
27112	1.7620	1.8481	1.7610	1.8176	1.7617	1.8730	1.8957	1.8834	1.7094	1.9290	1.7000	1.8872	1.7000	1.7924	0.0000	1.8975	1.7000	1.8475	1.8634	1.7588	1.7571	1.8730	1.9139	1.8743	0	0	0	0	0	0	0	0	0	0	0	0	0	0	0	0	510819	1528223	735093	724463	849771	558718	1317707	604234	662270	347	45290	139	183	118	342	148	100	515	445	658	486	48959	322	394	162	293	196	407	174	195	253	165	538	363	16027	199	478	230	376	408	127	135	322	296	219
27112	1.7620	1.8481	1.7610	1.8176	1.7617	1.8730	1.8957	1.8834	1.7094	1.9290	1.7000	1.8872	1.7000	1.7924	0.0000	1.8975	1.7000	1.8475	1.8634	1.7588	1.7571	1.8730	1.9139	1.8743	0	0	0	0	0	0	0	0	0	0	0	0	0	0	0	0	509590	1522429	735460	724856	848049	558071	1315922	604151	662038	374	45498	140	181	122	336	118	116	523	431	662	484	49044	353	424	219	280	210	383	185	200	263	169	541	369	15737	186	429	242	338	437	160	128	300	301	218
27112	1.7620	1.8481	1.7610	1.8176	1.7617	1.8730	1.8957	1.8834	1.7094	1.9290	1.7000	1.8872	1.7000	1.7924	0.0000	1.8975	1.7000	1.8475	1.8634	1.7588	1.7571	1.8730	1.9139	1.8743	0	0	0	0	0	0	0	0	0	0	0	0	0	0	0	0	511498	1516464	738819	722451	843102	558989	1312614	602538	661380	388	45812	164	186	125	318	117	136	493	461	633	496	49292	337	448	192	288	185	411	155	204	233	180	522	351	15810	200	423	214	351	440	112	130	295	316	195
27112	1.7620	1.8481	1.7610	1.8176	1.7617	1.8730	1.8957	1.8834	1.7094	1.9290	1.7000	1.8872	1.7000	1.7924	0.0000	1.8975	1.7000	1.8475	1.8634	1.7588	1.7571	1.8730	1.9139	1.8743	0	0	0	0	0	0	0	0	0	0	0	0	0	0	0	0	509597	1514595	734674	727720	841895	558183	1310208	606879	666183	411	45139	148	188	120	346	142	118	493	450	692	503	48640	350	433	177	277	185	388	173	200	250	166	562	318	16002	224	512	254	340	387	146	117	360	316	198
27112	1.7620	1.8481	1.7610	1.8176	1.7617	1.8730	1.8957	1.8834	1.7094	1.9290	1.7000	1.8872	1.7000	1.7924	0.0000	1.8975	1.7000	1.8475	1.8634	1.7588	1.7571	1.8730	1.9139	1.8743	0	0	0	0	0	0	0	0	0	0	0	0	0	0	0	0	511720	1516310	735631	725313	838713	552967	1310111	604394	665172	383	45131	129	178	124	346	116	129	481	432	567	483	49167	318	405	207	229	203	397	176	233	247	154	554	319	15907	216	494	247	359	458	150	137	334	301	170
27112	1.7620	1.8481	1.7610	1.8176	1.7617	1.8730	1.8957	1.8834	1.7094	1.9290	1.7000	1.8872	1.7000	1.7924	0.0000	1.8975	1.7000	1.8475	1.8634	1.7588	1.7571	1.8730	1.9139	1.8743	0	0	0	0	0	0	0	0	0	0	0	0	0	0	0	0	508901	1514162	735459	727742	834483	553633	1310445	607586	667321	360	44695	156	180	122	331	116	153	548	478	612	465	49063	307	428	202	239	218	365	174	208	257	147	518	339	16074	172	476	257	336	415	135	120	310	295	191
27112	1.7620	1.8481	1.7610	1.8176	1.7617	1.8730	1.8957	1.8834	1.7094	1.9290	1.7000	1.8872	1.7000	1.7924	0.0000	1.8975	1.7000	1.8475	1.8634	1.7588	1.7571	1.8730	1.9139	1.8743	0	0	0	0	0	0	0	0	0	0	0	0	0	0	0	0	511593	1527353	735829	730562	841877	554732	1319906	604844	668187	403	45239	156	201	99	346	143	147	485	447	604	487	49321	327	401	185	289	213	369	185	157	248	187	578	374	15909	219	466	240	348	441	165	143	321	325	210
27112	1.7620	1.8481	1.7610	1.8176	1.7617	1.8730	1.8957	1.8834	1.7094	1.9290	1.7000	1.8872	1.7000	1.7924	0.0000	1.8975	1.7000	1.8475	1.8634	1.7588	1.7571	1.8730	1.9139	1.8743	0	0	0	0	0	0	0	0	0	0	0	0	0	0	0	0	511465	1519031	736739	729301	836436	556255	1314225	605008	666287	354	45882	141	153	120	302	123	109	516	452	646	461	48438	330	425	207	269	208	366	169	178	261	165	555	307	15814	217	474	266	384	418	137	109	331	307	210
27112	1.7620	1.8481	1.7610	1.8176	1.7617	1.8730	1.8957	1.8834	1.7094	1.9290	1.7000	1.8872	1.7000	1.7924	0.0000	1.8975	1.7000	1.8475	1.8634	1.7588	1.7571	1.8730	1.9139	1.8743	0	0	0	0	0	0	0	0	0	0	0	0	0	0	0	0	511018	1520444	736745	728357	831845	556176	1314007	604432	666035	397	45334	137	176	112	327	119	155	512	477	629	446	49378	352	472	183	258	226	356	151	169	264	148	593	340	15859	184	462	259	371	403	159	124	356	304	190
26113	1.7620	1.6316	1.7610	1.8176	1.7617	1.8730	1.8957	1.8834	1.7094	1.9290	1.7000	1.8872	1.7000	1.7924	0.0000	1.8975	1.7000	1.8475	1.8634	1.7588	1.7571	1.8730	1.7018	1.6576	0	0	0	0	0	0	0	0	0	0	0	0	0	0	0	0	510687	1523368	1678569	728194	675628	554134	1315447	603099	469619	409	474	156	137	127	320	127	91	1092	439	412	508	49229	346	250	487	521	49859	1038	407	41462	361	182	600	358	104	165	398	24263	128	397	141	688	323	226	92
26113	1.7620	1.6316	1.7610	1.8176	1.7617	1.8730	1.8957	1.8834	1.7094	1.9290	1.7000	1.8872	1.7000	1.7924	0.0000	1.8975	1.7000	1.8475	1.8634	1.7588	1.7571	1.8730	1.7018	1.6576	0	0	0	0	0	0	0	0	0	0	0	0	0	0	0	0	509887	1518499	1676965	727828	680346	553285	1312146	604948	469302	368	471	148	148	114	334	149	84	1040	446	409	472	49176	328	291	475	486	50053	1057	405	41437	394	184	531	339	103	158	360	24334	146	407	142	717	338	189	83
26113	1.7620	1.6316	1.7610	1.8176	1.7617	1.8730	1.8957	1.8834	1.7094	1.9290	1.7000	1.8872	1.7000	1.7924	0.0000	1.8975	1.7000	1.8475	1.8634	1.7588	1.7571	1.8730	1.7018	1.6576	0	0	0	0	0	0	0	0	0	0	0	0	0	0	0	0	511462	1514426	1675388	727655	678947	553305	1308216	604299	468528	372	439	157	141	117	308	120	80	1070	509	424	486	48781	329	289	435	505	49647	1013	397	41336	356	176	520	361	89	122	415	24613	160	373	116	660	319	215	83
26113	1.7620	1.6316	1.7610	1.8176	1.7617	1.8730	1.8957	1.8834	1.7094	1.9290	1.7000	1.8872	1.7000	1.7924	0.0000	1.8975	1.7000	1.8475	1.8634	1.7588	1.7571	1.8730	1.7018	1.6576	0	0	0	0	0	0	0	0	0	0	0	0	2	0	0	0	513269	1513991	1679032	725150	677282	553194	1309683	601757	469996	369	509	124	154	119	301	132	101	1106	452	450	502	48843	344	266	466	494	49834	1024	426	41346	367	156	480	332	89	157	379	24613	135	383	141	745	318	208	104
26113	1.7620	1.6316	1.7610	1.8176	1.7617	1.8730	1.8957	1.8834	1.7094	1.9290	1.7000	1.8872	1.7000	1.7924	0.0000	1.8975	1.7000	1.8475	1.8634	1.7588	1.7571	1.8730	1.7018	1.6576	0	0	0	0	0	0	0	0	0	0	0	0	2	0	0	0	508902	1517689	1666859	728959	677513	550112	1311622	602558	466753	354	451	127	129	126	333	120	85	1132	477	426	458	48971	355	335	499	491	49816	992	395	40981	345	176	548	352	101	144	404	24178	145	448	128	687	324	182	83
26113	1.7620	1.6316	1.7610	1.8176	1.7617	1.8730	1.8957	1.8834	1.7094	1.9290	1.7000	1.8872	1.7000	1.7924	0.0000	1.8975	1.7000	1.8475	1.8634	1.7588	1.7571	1.8730	1.7018	1.6576	0	0	0	0	0	0	0	0	0	0	0	0	2	0	0	0	510902	1511884	1662136	729875	679155	548651	1308023	604538	466019	375	487	155	145	113	337	122	96	1052	463	396	504	48984	354	280	454	473	49412	1044	403	41150	351	170	558	345	81	143	397	24638	128	415	118	660	359	188	70
26113	1.7620	1.6316	1.7610	1.8176	1.7617	1.8730	1.8957	1.8834	1.7094	1.9290	1.7000	1.8872	1.7000	1.7924	0.0000	1.8975	1.7000	1.8475	1.8634	1.7588	1.7571	1.8730	1.7018	1.6576	0	0	0	0	0	0	0	0	0	0	0	0	0	0	0	0	510239	1518388	1667931	729654	676573	549672	1311943	602578	467986	381	468	151	168	102	322	129	99	998	530	393	467	49127	356	300	437	468	49105	1034	412	41017	360	171	523	372	106	150	370	24313	134	408	154	718	337	208	104
26113	1.7620	1.6316	1.7610	1.8176	1.7617	1.8730	1.8957	1.8834	1.7094	1.9290	1.7000	1.8872	1.7000	1.7924	0.0000	1.8975	1.7000	1.8475	1.8634	1.7588	1.7571	1.8730	1.7018	1.6576	0	0	0	0	0	0	0	0	0	0	0	0	2	0	0	0	512457	1513311	1663385	731366	674908	549447	1306715	599920	467003	424	459	146	140	105	317	119	84	1086	452	403	459	49074	340	266	478	520	49268	963	408	41135	364	171	578	343	102	166	361	24238	140	419	143	682	319	219	105
26113	1.7620	1.6316	1.7610	1.8176	1.7617	1.8730	1.8957	1.8834	1.7094	1.9290	1.7000	1.8872	1.7000	1.7924	0.0000	1.8975	1.7000	1.8475	1.8634	1.7588	1.7571	1.8730	1.7018	1.6576	0	0	0	0	0	0	0	0	0	0	0	0	1	0	0	0	515008	1514429	1665847	732906	675471	551027	1310483	600105	467758	396	487	145	157	102	331	135	70	1054	456	430	514	49194	347	252	466	531	49106	970	428	41460	411	176	538	356	97	144	349	24383	144	416	154	698	309	215	93
26113	1.7620	1.6316	1.7610	1.8176	1.7617	1.8730	1.8957	1.8834	1.7094	1.9290	1.7000	1.8872	1.7000	1.7924	0.0000	1.8975	1.7000	1.8475	1.8634	1.7588	1.7571	1.8730	1.7018	1.6576	0	0	0	0	0	0	0	0	0	0	0	0	1	0	0	0	511734	1514744	1665348	730293	673570	549611	1307689	598300	466775	410	486	136	156	108	310	127	99	1055	448	427	544	48657	330	255	485	489	49069	977	405	41363	347	166	544	330	91	170	376	24155	139	406	136	675	335	196	91
26113	1.7620	1.6316	1.7610	1.8176	1.7617	1.8730	1.8957	1.8834	1.7094	1.9290	1.7000	1.8872	1.7000	1.7924	0.0000	1.8975	1.7000	1.8475	1.8634	1.7588	1.7571	1.8730	1.7018	1.6576	0	0	0	0	0	0	0	0	0	0	0	0	0	0	0	0	516315	1504780	1666143	730087	675692	550424	1301567	600809	466254	372	513	152	124	122	307	121	89	1024	460	442	503	48635	320	297	464	497	49642	1014	403	41261	357	189	527	320	101	163	390	24509	143	427	133	697	354	185	93
26113	1.7620	1.6316	1.7610	1.8176	1.7617	1.8730	1.8957	1.8834	1.7094	1.9290	1.7000	1.8872	1.7000	1.7924	0.0000	1.8975	1.7000	1.8475	1.8634	1.7588	1.7571	1.8730	1.7018	1.6576	0	0	0	0	0	0	0	0	0	0	0	0	2	0	0	0	514422	1501432	1664964	728286	675848	549560	1300461	599552	465399	398	471	144	150	127	302	123	87	1027	449	459	509	48737	362	288	481	471	49584	998	407	40997	362	163	566	380	88	136	374	23937	126	392	125	676	330	189	62
27113	1.7620	1.8481	1.7610	1.8176	1.7617	1.8730	1.8957	1.8834	1.7094	1.9290	1.7000	1.8872	1.7000	1.7924	0.0000	1.8975	1.7000	1.8475	1.8634	1.7588	1.7571	1.8730	1.7018	1.6576	0	0	0	0	0	0	0	0	0	0	0	0	0	0	0	0	514334	1512641	741577	733315	677886	547686	1304693	603699	466305	395	45913	160	139	115	304	128	90	548	498	411	481	49009	329	295	206	184	185	390	160	168	370	192	531	342	104	124	355	24729	115	403	132	623	326	184	65
27113	1.7620	1.8481	1.7610	1.8176	1.7617	1.8730	1.8957	1.8834	1.7094	1.9290	1.7000	1.8872	1.7000	1.7924	0.0000	1.8975	1.7000	1.8475	1.8634	1.7588	1.7571	1.8730	1.7018	1.6576	0	0	0	0	0	0	0	0	0	0	0	0	0	0	0	0	512510	1507376	739611	730637	671868	548413	1302935	598398	463941	371	45569	155	158	105	291	138	83	536	486	449	434	49053	351	285	193	204	182	370	188	146	326	176	579	366	103	167	350	23889	132	404	146	677	322	199	99
27113	1.7620	1.8481	1.7610	1.8176	1.7617	1.8730	1.8957	1.8834	1.7094	1.9290	1.7000	1.8872	1.7000	1.7924	0.0000	1.8975	1.7000	1.8475	1.8634	1.7588	1.7571	1.8730	1.7018	1.6576	0	0	0	0	0	0	0	0	0	0	0	0	0	0	0	0	514087	1505467	742321	731267	675912	548500	1302928	601974	466516	385	45645	133	128	105	315	130	85	515	481	440	458	48952	352	314	195	206	202	397	156	167	367	146	543	361	93	140	391	24286	147	408	121	714	310	192	79
27113	1.7620	1.8481	1.7610	1.8176	1.7617	1.8730	1.8957	1.8834	1.7094	1.9290	1.7000	1.8872	1.7000	1.7924	0.0000	1.8975	1.7000	1.8475	1.8634	1.7588	1.7571	1.8730	1.7018	1.6576	0	0	0	0	0	0	0	0	0	0	0	0	0	0	0	0	513888	1501929	741848	728895	675338	548844	1298192	600267	464989	380	45811	147	127	121	323	126	79	501	459	417	490	48877	351	277	210	205	203	410	163	161	363	179	530	341	104	157	351	24478	119	374	139	699	341	202	94
27113	1.7620	1.8481	1.7610	1.8176	1.7617	1.8730	1.8957	1.8834	1.7094	1.9290	1.7000	1.8872	1.7000	1.7924	0.0000	1.8975	1.7000	1.8475	1.8634	1.7588	1.7571	1.8730	1.7018	1.6576	0	0	0	0	0	0	0	0	0	0	0	0	0	0	0	0	512071	1501428	739015	728039	671019	546601	1297577	598366	464932	379	45491	151	143	107	365	147	81	525	432	415	498	48628	314	237	217	205	181	383	187	169	348	178	565	359	89	144	339	24116	110	376	135	701	321	201	85
27113	1.7620	1.8481	1.7610	1.8176	1.7617	1.8730	1.8957	1.8834	1.7094	1.9290	1.7000	1.8872	1.7000	1.7924	0.0000	1.8975	1.7000	1.8475	1.8634	1.7588	1.7571	1.8730	1.7018	1.6576	0	0	0	0	0	0	0	1	0	0	0	0	0	0	0	0	512248	1501003	738757	726249	669395	549240	1296387	594247	465186	377	45396	142	124	126	321	118	92	503	486	411	465	48499	335	296	179	184	202	354	163	159	355	181	512	333	97	177	372	23953	127	396	132	626	337	213	79
27113	1.7620	1.8481	1.7610	1.8176	1.7617	1.8730	1.8957	1.8834	1.7094	1.9290	1.7000	1.8872	1.7000	1.7924	0.0000	1.8975	1.7000	1.8475	1.8634	1.7588	1.7571	1.8730	1.7018	1.6576	0	0	0	0	0	0	0	0	0	0	0	0	0	0	0	0	514171	1502501	739761	730619	675225	547749	1298425	601097	464185	361	45709	129	162	98	309	105	100	481	438	456	425	48604	311	268	205	198	199	395	185	157	385	178	509	367	107	144	366	24639	145	427	136	660	306	199	92
27113	1.7620	1.8481	1.7610	1.8176	1.7617	1.8730	1.8957	1.8834	1.7094	1.9290	1.7000	1.8872	1.7000	1.7924	0.0000	1.8975	1.7000	1.8475	1.8634	1.7588	1.7571	1.8730	1.7018	1.6576	0	0	0	0	0	0	0	0	0	0	0	0	0	0	0	0	514493	1500744	742194	727604	671777	550732	1298459	598153	466697	370	45948	152	121	113	324	132	105	495	458	414	478	48431	323	283	187	196	216	361	163	179	346	173	541	394	109	151	349	24112	116	413	148	645	337	201	90
27113	1.7620	1.8481	1.7610	1.8176	1.7617	1.8730	1.8957	1.8834	1.7094	1.9290	1.7000	1.8872	1.7000	1.7924	0.0000	1.8975	1.7000	1.8475	1.8634	1.7588	1.7571	1.8730	1.7018	1.6576	0	0	0	0	0	0	0	1	0	0	0	0	0	0	0	0	515490	1497693	740955	730543	671470	546852	1294724	597141	466830	350	46022	138	159	109	333	108	102	508	487	417	468	48848	349	303	193	228	167	454	196	201	377	169	534	323	87	143	358	24261	132	424	137	669	343	203	89
27113	1.7620	1.8481	1.7610	1.8176	1.7617	1.8730	1.8957	1.8834	1.7094	1.9290	1.7000	1.8872	1.7000	1.7924	0.0000	1.8975	1.7000	1.8475	1.8634	1.7588	1.7571	1.8730	1.7018	1.6576	0	0	0	0	0	0	0	0	0	0	0	0	0	0	0	0	512633	1490186	739055	728785	671458	547957	1289886	597771	465169	398	45387	141	147	116	313	107	87	497	447	394	480	48314	315	256	212	194	192	413	174	166	330	156	552	328	91	143	358	24053	138	395	125	640	298	192	79
27113	1.7620	1.8481	1.7610	1.8176	1.7617	1.8730	1.8957	1.8834	1.7094	1.9290	1.7000	1.8872	1.7000	1.7924	0.0000	1.8975	1.7000	1.8475	1.8634	1.7588	1.7571	1.8730	1.7018	1.6576	0	0	0	0	0	0	0	0	0	0	0	0	0	0	0	0	510173	1491452	735247	728900	672825	547134	1286734	598209	465183	338	45478	164	163	116	333	136	78	513	452	436	504	48311	307	287	204	209	204	401	173	159	361	199	536	342	79	170	338	24104	113	394	117	653	304	184	101
27113	1.7620	1.8481	1.7610	1.8176	1.7617	1.8730	1.8957	1.8834	1.7094	1.9290	1.7000	1.8872	1.7000	1.7924	0.0000	1.8975	1.7000	1.8475	1.8634	1.7588	1.7571	1.8730	1.7018	1.6576	0	0	0	0	0	0	0	0	0	0	0	0	0	0	0	0	508540	1494395	732639	729466	673350	548302	1290817	599364	465226	389	45288	140	144	99	313	121	92	501	439	406	419	48524	342	266	207	202	194	413	169	172	359	167	516	375	110	156	344	24242	123	388	126	645	356	161	85
26114	1.7620	1.6316	1.7610	1.8176	1.7617	1.8730	1.8957	1.8834	1.7094	1.9290	1.7000	1.8872	1.7000	1.7924	0.0000	1.8975	1.7000	1.8475	1.8634	1.7588	1.7571	1.6713	1.9139	1.8743	0	0	0	0	0	0	0	0	0	0	0	2	0	0	0	0	508165	1089261	1656110	728707	818947	548417	1286091	600792	668893	266	484	149	174	131	286	117	114	782	270	37369	240	1586	263	417	472	617	49139	996	396	511	232	158	577	342	15919	194	435	220	330	366	138	121	311	310	205
26114	1.7620	1.6316	1.7610	1.8176	1.7617	1.8730	1.8957	1.8834	1.7094	1.9290	1.7000	1.8872	1.7000	1.7924	0.0000	1.8975	1.7000	1.8475	1.8634	1.7588	1.7571	1.6713	1.9139	1.8743	0	0	0	0	0	0	0	0	0	0	0	0	0	0	0	0	509374	1081700	1659782	726517	810172	548059	1284699	595438	664380	240	436	162	215	133	321	121	131	806	264	36846	230	1560	250	399	457	600	49168	982	379	492	259	141	511	331	15893	193	426	232	303	419	127	132	340	316	234
26114	1.7620	1.6316	1.7610	1.8176	1.7617	1.8730	1.8957	1.8834	1.7094	1.9290	1.7000	1.8872	1.7000	1.7924	0.0000	1.8975	1.7000	1.8475	1.8634	1.7588	1.7571	1.6713	1.9139	1.8743	0	0	0	0	0	0	0	0	0	0	0	1	0	0	0	0	507161	1083532	1654540	724565	813067	546700	1287823	596197	665349	263	469	165	182	144	325	119	134	685	263	37402	256	1611	248	392	454	593	48663	974	376	493	248	168	538	349	15675	174	427	240	351	417	108	123	342	321	229
26114	1.7620	1.6316	1.7610	1.8176	1.7617	1.8730	1.8957	1.8834	1.7094	1.9290	1.7000	1.8872	1.7000	1.7924	0.0000	1.8975	1.7000	1.8475	1.8634	1.7588	1.7571	1.6713	1.9139	1.8743	0	0	0	0	0	0	0	0	0	0	0	2	0	0	0	0	508353	1081284	1650716	722597	812363	545930	1289931	595199	664997	246	506	141	211	110	320	120	134	760	271	37061	236	1522	251	405	446	571	48436	966	375	499	223	161	504	375	15940	188	394	250	332	379	168	120	307	315	181
26114	1.7620	1.6316	1.7610	1.8176	1.7617	1.8730	1.8957	1.8834	1.7094	1.9290	1.7000	1.8872	1.7000	1.7924	0.0000	1.8975	1.7000	1.8475	1.8634	1.7588	1.7571	1.6713	1.9139	1.8743	0	0	0	0	0	0	0	0	0	0	0	0	0	0	0	0	507162	1082621	1648876	725277	812914	543778	1289379	595434	665433	264	495	126	177	109	296	122	127	732	274	37346	247	1632	237	443	462	576	48544	938	393	488	231	177	541	374	16053	190	451	254	328	397	138	127	342	293	192
26114	1.7620	1.6316	1.7610	1.8176	1.7617	1.8730	1.8957	1.8834	1.7094	1.9290	1.7000	1.8872	1.7000	1.7924	0.0000	1.8975	1.7000	1.8475	1.8634	1.7588	1.7571	1.6713	1.9139	1.8743	0	0	0	0	0	0	0	0	0	0	0	1	0	0	0	0	506598	1082867	1644850	722696	813209	544284	1279370	595004	661305	218	441	128	180	111	323	118	123	749	276	37191	246	1565	233	414	441	573	48476	941	398	532	245	166	554	357	15627	189	468	241	312	402	128	120	300	286	201
26114	1.7620	1.6316	1.7610	1.8176	1.7617	1.8730	1.8957	1.8834	1.7094	1.9290	1.7000	1.8872	1.7000	1.7924	0.0000	1.8975	1.7000	1.8475	1.8634	1.7588	1.7571	1.6713	1.9139	1.8743	0	0	0	0	0	0	0	0	0	0	0	2	0	0	0	0	505307	1085481	1645009	723749	814694	543578	1283464	596687	662534	239	476	153	168	131	284	128	135	729	265	37405	237	1565	231	440	426	560	48846	962	395	553	255	185	506	364	15791	189	463	252	371	388	122	140	357	286	185
26114	1.7620	1.6316	1.7610	1.8176	1.7617	1.8730	1.8957	1.8834	1.7094	1.9290	1.7000	1.8872	1.7000	1.7924	0.0000	1.8975	1.7000	1.8475	1.8634	1.7588	1.7571	1.6713	1.9139	1.8743	0	0	0	0	0	0	0	0	0	0	0	0	0	0	0	0	502025	1084864	1641758	721138	816081	541463	1283320	591847	662157	273	486	135	197	113	306	113	111	766	282	37227	249	1601	234	438	415	606	48204	976	384	479	254	148	503	330	15924	163	454	216	337	392	131	123	302	293	209
26114	1.7620	1.6316	1.7610	1.8176	1.7617	1.8730	1.8957	1.8834	1.7094	1.9290	1.7000	1.8872	1.7000	1.7924	0.0000	1.8975	1.7000	1.8475	1.8634	1.7588	1.7571	1.6713	1.9139	1.8743	0	0	0	0	0	0	0	0	0	0	0	2	0	0	0	0	505742	1082971	1634590	719548	814323	540474	1281064	592434	660731	267	488	143	202	121	286	127	124	725	242	37335	260	1520	241	424	436	580	48473	927	360	507	251	171	521	337	15834	173	461	244	318	377	131	118	317	344	221
26114	1.7620	1.6316	1.7610	1.8176	1.7617	1.8730	1.8957	1.8834	1.7094	1.9290	1.7000	1.8872	1.7000	1.7924	0.0000	1.8975	1.7000	1.8475	1.8634	1.7588	1.7571	1.6713	1.9139	1.8743	0	0	0	0	0	0	0	0	0	0	0	1	0	0	0	0	505696	1086361	1637411	721115	816565	541649	1280712	593394	658905	265	409	133	202	107	307	124	127	758	263	37236	238	1465	216	451	417	563	48465	1016	329	494	260	171	504	345	15538	196	443	215	363	402	128	138	325	272	194
26114	1.7620	1.6316	1.7610	1.8176	1.7617	1.8730	1.8957	1.8834	1.7094	1.9290	1.7000	1.8872	1.7000	1.7924	0.0000	1.8975	1.7000	1.8475	1.8634	1.7588	1.7571	1.6713	1.9139	1.8743	0	0	0	0	0	0	0	0	0	0	0	0	0	0	0	0	504353	1090750	1635444	723467	820268	539307	1277950	593184	660805	280	443	138	194	114	296	108	139	784	285	37551	216	1601	265	449	441	577	47939	969	356	510	275	167	488	345	15725	188	443	255	356	387	121	143	318	293	225
26114	1.7620	1.6316	1.7610	1.8176	1.7617	1.8730	1.8957	1.8834	1.7094	1.9290	1.7000	1.8872	1.7000	1.7924	0.0000	1.8975	1.7000	1.8475	1.8634	1.7588	1.7571	1.6713	1.9139	1.8743	0	0	0	0	0	0	0	0	0	0	0	2	0	0	0	0	504287	1098053	1633139	718486	825531	539381	1276700	592491	658480	268	470	150	196	116	262	115	131	804	283	37733	236	1537	262	410	441	606	48353	962	380	528	248	163	513	351	15910	193	404	253	327	385	134	136	310	291	180
27114	1.7620	1.8481	1.7610	1.8176	1.7617	1.8730	1.8957	1.8834	1.7094	1.9290	1.7000	1.8872	1.7000	1.7924	0.0000	1.8975	1.7000	1.8475	1.8634	1.7588	1.7571	1.6713	1.9139	1.8743	0	0	0	0	0	0	0	0	0	0	0	0	0	0	0	0	497141	1108220	717144	715660	832937	538065	1280833	592951	656672	294	44117	120	193	108	302	120	125	428	253	38161	266	1577	251	414	181	243	207	401	166	174	249	161	539	350	15627	181	421	241	338	415	131	105	330	299	199
27114	1.7620	1.8481	1.7610	1.8176	1.7617	1.8730	1.8957	1.8834	1.7094	1.9290	1.7000	1.8872	1.7000	1.7924	0.0000	1.8975	1.7000	1.8475	1.8634	1.7588	1.7571	1.6713	1.9139	1.8743	0	0	0	0	0	1	0	0	0	0	0	0	0	0	0	0	496807	1105678	717925	713661	830953	538382	1272797	588448	653377	279	44021	130	190	110	301	113	109	378	273	37799	263	1646	252	420	200	260	178	375	171	206	250	163	518	335	15839	182	448	239	354	430	107	131	279	290	200
27114	1.7620	1.8481	1.7610	1.8176	1.7617	1.8730	1.8957	1.8834	1.7094	1.9290	1.7000	1.8872	1.7000	1.7924	0.0000	1.8975	1.7000	1.8475	1.8634	1.7588	1.7571	1.6713	1.9139	1.8743	2	0	0	0	0	0	0	0	0	0	0	0	0	0	0	0	497197	1102546	717477	711445	828055	538230	1269281	589517	650804	253	44193	140	208	103	299	109	117	414	263	37742	216	1569	234	415	189	272	207	406	167	209	245	144	517	363	15503	160	466	269	336	377	124	115	297	291	195
27114	1.7620	1.8481	1.7610	1.8176	1.7617	1.8730	1.8957	1.8834	1.7094	1.9290	1.7000	1.8872	1.7000	1.7924	0.0000	1.8975	1.7000	1.8475	1.8634	1.7588	1.7571	1.6713	1.9139	1.8743	0	0	0	0	0	0	0	0	0	0	0	0	0	0	0	0	494959	1109323	714658	712888	835179	536951	1268428	591778	656378	231	43621	146	221	114	300	116	131	366	298	38163	242	1554	253	434	192	245	195	366	161	218	221	158	520	328	15639	198	481	243	327	430	132	155	340	322	211
27114	1.7620	1.8481	1.7610	1.8176	1.7617	1.8730	1.8957	1.8834	1.7094	1.9290	1.7000	1.8872	1.7000	1.7924	0.0000	1.8975	1.7000	1.8475	1.8634	1.7588	1.7571	1.6713	1.9139	1.8743	0	0	0	0	0	0	0	0	0	0	0	0	0	0	0	0	495360	1120216	715332	712780	841685	536517	1273140	589497	653166	241	44348	146	204	111	283	111	125	381	247	38397	259	1571	237	422	188	287	177	359	189	188	224	153	542	340	15578	182	433	249	343	428	127	123	287	305	190
27114	1.7620	1.8481	1.7610	1.8176	1.7617	1.8730	1.8957	1.8834	1.7094	1.9290	1.7000	1.8872	1.7000	1.7924	0.0000	1.8975	1.7000	1.8475	1.8634	1.7588	1.7571	1.6713	1.9139	1.8743	2	0	0	0	0	0	0	0	0	0	0	0	0	0	0	0	496149	1118746	716135	714473	841721	535955	1271455	591514	654932	275	43919	124	202	109	272	114	113	402	273	38306	244	1546	259	427	176	247	180	382	162	185	234	169	564	328	15711	217	436	247	374	389	129	114	299	287	215
27114	1.7620	1.8481	1.7610	1.8176	1.7617	1.8730	1.8957	1.8834	1.7094	1.9290	1.7000	1.8872	1.7000	1.7924	0.0000	1.8975	1.7000	1.8475	1.8634	1.7588	1.7571	1.6713	1.9139	1.8743	1	0	0	0	0	0	0	0	0	0	0	0	0	0	0	0	493037	1122472	710095	716926	842248	535621	1266868	591816	655282	243	43745	146	213	118	297	99	111	387	287	38228	226	1578	272	399	172	251	187	358	157	204	266	167	556	347	15650	187	464	206	344	434	126	118	346	272	233
27114	1.7620	1.8481	1.7610	1.8176	1.7617	1.8730	1.8957	1.8834	1.7094	1.9290	1.7000	1.8872	1.7000	1.7924	0.0000	1.8975	1.7000	1.8475	1.8634	1.7588	1.7571	1.6713	1.9139	1.8743	0	0	0	0	0	0	0	0	0	0	0	0	0	0	0	0	493867	1124092	711509	712763	844349	537872	1268468	592694	653507	238	43987	124	203	119	287	117	107	374	250	38889	254	1586	273	421	203	253	190	353	161	177	268	158	540	349	15479	197	441	237	353	361	124	104	289	298	191
27114	1.7620	1.8481	1.7610	1.8176	1.7617	1.8730	1.8957	1.8834	1.7094	1.9290	1.7000	1.8872	1.7000	1.7924	0.0000	1.8975	1.7000	1.8475	1.8634	1.7588	1.7571	1.6713	1.9139	1.8743	0	0	0	0	0	0	0	0	0	0	0	0	0	0	0	0	493418	1124103	710198	710143	844762	536570	1268892	589511	649633	249	43553	119	170	118	268	134	120	358	259	38503	241	1563	266	427	188	220	194	356	156	181	259	171	544	327	15397	174	460	278	358	411	130	125	291	288	195
27114	1.7620	1.8481	1.7610	1.8176	1.7617	1.8730	1.8957	1.8834	1.7094	1.9290	1.7000	1.8872	1.7000	1.7924	0.0000	1.8975	1.7000	1.8475	1.8634	1.7588	1.7571	1.6713	1.9139	1.8743	0	0	0	0	0	0	0	0	0	0	0	0	0	0	0	0	495105	1127121	714743	708275	848356	538747	1269141	584906	647929	255	43723	146	208	114	276	103	111	375	262	38763	244	1577	220	415	191	220	170	386	156	200	239	178	539	347	15430	202	481	265	347	401	121	116	262	309	187
27114	1.7620	1.8481	1.7610	1.8176	1.7617	1.8730	1.8957	1.8834	1.7094	1.9290	1.7000	1.8872	1.7000	1.7924	0.0000	1.8975	1.7000	1.8475	1.8634	1.7588	1.7571	1.6713	1.9139	1.8743	0	0	0	0	0	0	0	0	0	0	0	0	0	1	0	0	494630	1127969	713221	708016	847919	537862	1268014	583882	648939	240	43738	134	213	119	316	94	125	392	312	38750	275	1554	267	446	185	266	176	386	169	174	250	145	526	315	15481	176	427	229	359	397	112	128	312	292	192
27114	1.7620	1.8481	1.7610	1.8176	1.7617	1.8730	1.8957	1.8834	1.7094	1.9290	1.7000	1.8872	1.7000	1.7924	0.0000	1.8975	1.7000	1.8475	1.8634	1.7588	1.7571	1.6713	1.9139	1.8743	0	0	0	0	0	0	0	0	0	0	0	0	0	0	0	0	494429	1133682	710682	709368	850926	535205	1268317	584494	651829	244	43921	138	193	116	271	117	117	380	292	38943	262	1593	254	437	211	258	204	331	176	183	253	168	529	370	15443	178	457	254	358	394	128	126	293	298	220
26115	1.7620	1.6316	1.7610	1.8176	1.7617	1.8730	1.8957	1.8834	1.7094	1.9290	1.7000	1.8872	1.7000	1.7924	0.0000	1.8975	1.7000	1.8475	1.8634	1.7588	1.7571	1.6713	1.7018	1.6576	0	0	0	0	0	0	0	0	0	0	0	0	0	0	0	0	488230	1141163	1626661	705051	657904	536835	1269480	583895	455310	253	472	140	133	115	306	112	91	807	284	451	244	1577	240	260	422	440	48045	983	352	40201	404	136	518	337	96	147	368	23275	112	364	121	652	322	184	89
26115	1.7620	1.6316	1.7610	1.8176	1.7617	1.8730	1.8957	1.8834	1.7094	1.9290	1.7000	1.8872	1.7000	1.7924	0.0000	1.8975	1.7000	1.8475	1.8634	1.7588	1.7571	1.6713	1.7018	1.6576	0	0	0	0	0	0	0	0	0	0	0	0	0	0	0	0	486755	1145866	1623536	703081	657724	534232	1271477	584880	455441	258	447	103	144	122	273	126	68	749	259	450	243	1592	252	236	444	451	48136	956	376	40087	343	142	512	338	97	169	335	23385	113	402	126	640	307	198	80
26115	1.7620	1.6316	1.7610	1.8176	1.7617	1.8730	1.8957	1.8834	1.7094	1.9290	1.7000	1.8872	1.7000	1.7924	0.0000	1.8975	1.7000	1.8475	1.8634	1.7588	1.7571	1.6713	1.7018	1.6576	0	0	0	0	0	0	0	0	0	0	0	0	0	0	0	0	489336	1148634	1624171	700970	657623	535147	1270950	583561	455923	269	440	145	136	119	291	104	83	797	280	424	258	1590	272	246	431	417	47581	920	367	40143	341	153	540	342	95	114	352	23281	143	379	118	673	325	200	85
26115	1.7620	1.6316	1.7610	1.8176	1.7617	1.8730	1.8957	1.8834	1.7094	1.9290	1.7000	1.8872	1.7000	1.7924	0.0000	1.8975	1.7000	1.8475	1.8634	1.7588	1.7571	1.6713	1.7018	1.6576	0	0	0	0	0	0	0	0	0	0	0	0	0	0	1	0	488433	1154719	1622309	702038	655330	534509	1271502	583447	455036	262	440	113	127	113	283	125	73	752	293	435	252	1604	243	241	416	478	47681	975	368	40024	349	180	532	316	90	161	386	23353	127	395	132	634	280	204	66
26115	1.7620	1.6316	1.7610	1.8176	1.7617	1.8730	1.8957	1.8834	1.7094	1.9290	1.7000	1.8872	1.7000	1.7924	0.0000	1.8975	1.7000	1.8475	1.8634	1.7588	1.7571	1.6713	1.7018	1.6576	0	0	0	0	0	0	0	0	0	0	0	0	0	0	0	0	488005	1149729	1625872	698564	658851	536324	1267532	584939	456219	282	449	124	133	103	314	110	81	838	297	420	258	1612	248	226	410	445	48049	999	383	40295	332	168	496	313	97	155	356	23686	125	398	119	659	315	215	74
26115	1.7620	1.6316	1.7610	1.8176	1.7617	1.8730	1.8957	1.8834	1.7094	1.9290	1.7000	1.8872	1.7000	1.7924	0.0000	1.8975	1.7000	1.8475	1.8634	1.7588	1.7571	1.6713	1.7018	1.6576	0	0	0	0	0	0	0	0	0	0	0	0	1	0	0	0	487642	1152776	1622867	697046	657345	535204	1272228	584553	454973	261	420	129	121	99	301	118	75	749	272	449	264	1549	249	225	411	442	48260	1016	380	39967	347	166	507	350	87	151	356	23395	106	372	118	685	320	196	86
26115	1.7620	1.6316	1.7610	1.8176	1.7617	1.8730	1.8957	1.8834	1.7094	1.9290	1.7000	1.8872	1.7000	1.7924	0.0000	1.8975	1.7000	1.8475	1.8634	1.7588	1.7571	1.6713	1.7018	1.6576	0	0	0	0	0	0	1	0	0	0	0	0	0	0	0	0	485256	1153775	1613092	697677	657638	532108	1269562	583901	452456	276	453	129	129	100	288	109	70	769	238	439	252	1533	254	251	410	441	47742	922	382	39825	328	116	501	306	83	145	367	23160	145	394	102	648	291	210	81
26115	1.7620	1.6316	1.7610	1.8176	1.7617	1.8730	1.8957	1.8834	1.7094	1.9290	1.7000	1.8872	1.7000	1.7924	0.0000	1.8975	1.7000	1.8475	1.8634	1.7588	1.7571	1.6713	1.7018	1.6576	0	0	0	0	0	0	0	0	0	0	0	0	0	0	0	0	481214	1154899	1618436	699467	661289	535256	1273388	585498	453032	244	405	145	124	124	278	92	67	799	308	446	261	1536	260	248	431	481	47967	911	377	39559	369	149	521	335	88	149	316	23575	101	430	125	657	288	206	77
26115	1.7620	1.6316	1.7610	1.8176	1.7617	1.8730	1.8957	1.8834	1.7094	1.9290	1.7000	1.8872	1.7000	1.7924	0.0000	1.8975	1.7000	1.8475	1.8634	1.7588	1.7571	1.6713	1.7018	1.6576	0	0	0	0	0	0	0	0	0	0	0	0	0	0	0	0	481105	1157020	1618100	702780	659033	532582	1277941	586835	453043	260	409	109	122	101	291	118	94	801	284	433	293	1604	242	255	435	447	47617	943	356	39891	360	159	523	333	92	128	356	23600	136	401	123	662	296	211	67
26115	1.7620	1.6316	1.7610	1.8176	1.7617	1.8730	1.8957	1.8834	1.7094	1.9290	1.7000	1.8872	1.7000	1.7924	0.0000	1.8975	1.7000	1.8475	1.8634	1.7588	1.7571	1.6713	1.7018	1.6576	0	0	0	0	0	0	0	0	0	0	0	0	0	0	0	0	483702	1160876	1616038	700350	658453	533895	1281308	586068	453412	289	431	127	132	117	299	121	86	755	288	441	243	1514	253	211	438	452	47593	887	353	39856	348	166	518	345	99	165	377	23215	147	390	101	636	314	187	83
26115	1.7620	1.6316	1.7610	1.8176	1.7617	1.8730	1.8957	1.8834	1.7094	1.9290	1.7000	1.8872	1.7000	1.7924	0.0000	1.8975	1.7000	1.8475	1.8634	1.7588	1.7571	1.6713	1.7018	1.6576	0	0	0	0	0	0	0	0	0	0	0	0	0	0	0	0	483785	1160872	1621074	699724	658812	535229	1275953	585556	454361	246	417	127	142	96	287	105	81	804	304	447	255	1585	238	218	432	449	47869	971	394	39735	369	186	507	362	107	154	390	23444	118	428	137	671	334	209	93
26115	1.7620	1.6316	1.7610	1.8176	1.7617	1.8730	1.8957	1.8834	1.7094	1.9290	1.7000	1.8872	1.7000	1.7924	0.0000	1.8975	1.7000	1.8475	1.8634	1.7588	1.7571	1.6713	1.7018	1.6576	0	0	0	0	0	0	0	0	0	0	0	0	0	0	0	0	481531	1160360	1622782	701977	661515	536535	1271569	588009	454631	271	471	140	118	108	260	106	80	755	263	512	248	1550	267	258	410	536	48436	997	356	39894	347	162	541	318	91	123	374	23421	122	416	123	669	341	223	75
27115	1.7620	1.8481	1.7610	1.8176	1.7617	1.8730	1.8957	1.8834	1.7094	1.9290	1.7000	1.8872	1.7000	1.7924	0.0000	1.8975	1.7000	1.8475	1.8634	1.7588	1.7571	1.6713	1.7018	1.6576	0	0	0	0	0	0	0	0	0	0	0	0	0	0	0	0	483317	1165901	697189	698796	666306	541254	1280789	591197	458095	271	42595	124	122	110	267	125	90	385	278	480	250	1583	279	235	160	174	188	373	155	169	360	156	528	415	109	165	358	24055	132	386	131	634	301	161	92
27115	1.7620	1.8481	1.7610	1.8176	1.7617	1.8730	1.8957	1.8834	1.7094	1.9290	1.7000	1.8872	1.7000	1.7924	0.0000	1.8975	1.7000	1.8475	1.8634	1.7588	1.7571	1.6713	1.7018	1.6576	0	0	0	0	0	0	0	1	0	0	0	0	0	0	0	0	483342	1168130	696674	696261	664596	537245	1284177	590132	457097	277	42831	141	143	110	324	125	87	393	269	459	252	1584	267	231	209	187	184	363	156	169	350	154	522	344	98	165	339	23805	127	410	110	667	351	199	79
27115	1.7620	1.8481	1.7610	1.8176	1.7617	1.8730	1.8957	1.8834	1.7094	1.9290	1.7000	1.8872	1.7000	1.7924	0.0000	1.8975	1.7000	1.8475	1.8634	1.7588	1.7571	1.6713	1.7018	1.6576	0	0	0	0	0	0	0	0	0	0	0	0	0	0	0	0	483952	1167771	698259	698558	663246	539594	1288109	589590	459064	248	42693	114	146	101	283	115	83	367	252	484	267	1591	244	238	200	168	171	351	167	163	355	150	500	369	100	162	372	23723	128	398	126	639	290	204	89
27115	1.7620	1.8481	1.7610	1.8176	1.7617	1.8730	1.8957	1.8834	1.7094	1.9290	1.7000	1.8872	1.7000	1.7924	0.0000	1.8975	1.7000	1.8475	1.8634	1.7588	1.7571	1.6713	1.7018	1.6576	0	0	0	0	0	0	0	0	0	0	0	0	0	0	0	0	482497	1168845	695265	695221	663959	540465	1288333	587278	459037	258	42334	125	146	95	280	119	76	378	263	488	231	1659	242	223	201	190	200	330	168	155	345	156	528	334	85	174	343	23827	126	383	142	712	344	172	84
27115	1.7620	1.8481	1.7610	1.8176	1.7617	1.8730	1.8957	1.8834	1.7094	1.9290	1.7000	1.8872	1.7000	1.7924	0.0000	1.8975	1.7000	1.8475	1.8634	1.7588	1.7571	1.6713	1.7018	1.6576	0	0	0	0	0	0	0	0	0	0	0	0	0	0	0	0	484647	1163851	698862	699758	668059	541296	1286249	594288	460519	273	42912	135	125	111	293	139	91	375	260	451	269	1660	240	231	176	229	206	375	176	151	354	170	513	344	100	150	377	24083	123	404	123	693	310	197	89
27115	1.7620	1.8481	1.7610	1.8176	1.7617	1.8730	1.8957	1.8834	1.7094	1.9290	1.7000	1.8872	1.7000	1.7924	0.0000	1.8975	1.7000	1.8475	1.8634	1.7588	1.7571	1.6713	1.7018	1.6576	0	0	0	0	0	0	0	0	0	0	0	0	0	0	0	0	484642	1168695	698460	695657	665742	540415	1282861	591035	459623	264	42577	127	130	123	263	133	72	376	290	500	275	1669	222	246	166	206	173	387	164	163	363	158	523	375	94	150	367	23772	110	431	125	717	279	186	92
27115	1.7620	1.8481	1.7610	1.8176	1.7617	1.8730	1.8957	1.8834	1.7094	1.9290	1.7000	1.8872	1.7000	1.7924	0.0000	1.8975	1.7000	1.8475	1.8634	1.7588	1.7571	1.6713	1.7018	1.6576	0	0	0	0	0	0	0	1	0	0	0	0	0	0	0	0	485726	1166817	697880	698062	665030	544427	1285602	591527	461729	256	42656	122	136	113	278	131	82	396	300	450	250	1513	249	243	202	195	190	369	161	145	326	174	562	362	109	130	328	24149	127	435	107	640	275	190	66
27115	1.7620	1.8481	1.7610	1.8176	1.7617	1.8730	1.8957	1.8834	1.7094	1.9290	1.7000	1.8872	1.7000	1.7924	0.0000	1.8975	1.7000	1.8475	1.8634	1.7588	1.7571	1.6713	1.7018	1.6576	0	0	0	0	0	0	0	2	0	0	0	0	0	0	0	0	481274	1175319	695670	695096	665130	539855	1290711	591280	459126	285	42451	134	152	124	297	112	83	395	285	473	266	1584	250	244	175	177	177	367	173	149	341	166	531	327	91	185	332	23782	122	397	141	672	285	195	81
27115	1.7620	1.8481	1.7610	1.8176	1.7617	1.8730	1.8957	1.8834	1.7094	1.9290	1.7000	1.8872	1.7000	1.7924	0.0000	1.8975	1.7000	1.8475	1.8634	1.7588	1.7571	1.6713	1.7018	1.6576	0	0	0	0	0	0	0	0	0	0	0	0	0	0	0	0	485299	1168394	698963	695990	667170	541051	1288737	592791	457759	283	42974	134	133	108	286	115	78	388	240	458	272	1528	234	261	170	192	206	365	160	136	324	169	550	358	97	151	414	23818	146	425	127	661	334	199	79
27115	1.7620	1.8481	1.7610	1.8176	1.7617	1.8730	1.8957	1.8834	1.7094	1.9290	1.7000	1.8872	1.7000	1.7924	0.0000	1.8975	1.7000	1.8475	1.8634	1.7588	1.7571	1.6713	1.7018	1.6576	0	0	0	0	0	0	1	0	0	0	0	0	0	0	0	0	483352	1168725	699282	695389	666716	540243	1288521	591943	458377	243	42686	115	127	116	320	115	48	387	292	471	242	1553	274	230	160	184	172	366	175	136	344	134	505	346	104	146	380	23866	114	405	128	733	310	197	67
27115	1.7620	1.8481	1.7610	1.8176	1.7617	1.8730	1.8957	1.8834	1.7094	1.9290	1.7000	1.8872	1.7000	1.7924	0.0000	1.8975	1.7000	1.8475	1.8634	1.7588	1.7571	1.6713	1.7018	1.6576	0	0	0	0	0	0	0	0	0	0	0	0	0	0	0	0	485062	1164825	699339	694672	666550	540692	1290157	591482	460521	271	42596	121	152	110	284	132	90	360	260	475	293	1697	257	252	200	194	199	364	177	160	339	149	558	340	79	141	362	23673	131	374	113	653	337	182	91
27115	1.7620	1.8481	1.7610	1.8176	1.7617	1.8730	1.8957	1.8834	1.7094	1.9290	1.7000	1.8872	1.7000	1.7924	0.0000	1.8975	1.7000	1.8475	1.8634	1.7588	1.7571	1.6713	1.7018	1.6576	0	0	0	0	0	0	0	0	0	0	0	0	0	0	0	0	484401	1171333	699173	696844	668998	541737	1292753	592808	460007	287	42798	131	126	107	283	115	85	366	278	455	277	1648	253	242	180	177	176	392	164	173	359	150	519	364	105	158	343	23629	127	361	128	632	314	188	80
